	N	L	M	S	L	M	S	L	M	S	L	M	S	L	M	S	L	M	S	L	M	S	L	M	S	L	M	S
Age																												
5.0	14	1.362	102.8	0.073	2.507	108.4	0.077	0.144	94.8	0.082	0.646	65.5	0.078	1.670	72.6	0.085	0.122	56.4	0.120	0.487	77.2	0.070	1.277	83.7	0.080	0.507	68.7	0.090
5.5	15	1.174	103.4	0.073	2.274	109.0	0.075	0.052	95.2	0.082	0.773	65.5	0.078	1.717	72.6	0.085	0.120	56.2	0.120	0.675	77.5	0.070	1.371	83.8	0.079	0.528	68.8	0.090
6.0	15	0.987	104.1	0.072	2.041	109.5	0.074 0.040		95.6	0.083	0.900	65.6	0.078	1.765	72.6	0.085	0.119	55.9	0.119	0.864	77.8	0.070	1.465	83.9	0.079	0.549	68.8	0.091
6.5	17	0.811	104.7	0.071	1.819	110.1	0.073 0.123		95.9	0.083	1.025	65.7	0.078	1.813	72.5	0.085	0.123	55.7	0.119	1.051	78.0	0.070	1.560	84.0	0.078	0.579	68.8	0.092
7.0	17	0.648	105.3	0.070	1.610	110.6	0.073 0.194		96.2	0.083	1.148	65.8	0.078	1.861	72.4	0.085	0.129	55.5	0.119	1.239	78.2	0.071	1.656	84.0	0.078	0.617	68.8	0.092
7.5	13	0.503	105.9	0.069	1.417	111.1	0.072 0.250		96.5	0.084	1.269	65.8	0.079	1.911	72.3	0.086	0.137	55.3	0.120	1.427	78.4	0.071	1.755	84.1	0.077	0.662	68.8	0.093
8.0	12	0.378	106.5	0.069	1.244	111.5	0.071 0.286		96.8	0.084	1.388	65.9	0.079	1.962	72.2	0.086	0.142	55.1	0.120	1.618	78.6	0.071	1.857	84.1	0.077	0.711	68.8	0.094
8.5	12	0.278	107.0	0.068	1.096	111.9	0.070 0.298		97.2	0.084	1.503	65.9	0.080	2.015	72.1	0.086	0.143	54.9	0.120	1.811	78.8	0.071	1.961	84.1	0.077	0.765	68.9	0.095
9.0	12	0.199	107.6	0.067	0.969	112.4	0.070 0.289		97.5	0.084	1.611	66.0	0.080	2.066	72.0	0.086	0.141	54.8	0.121	2.001	79.0	0.071	2.066	84.2	0.076	0.824	68.9	0.095
9.5	22	0.154	108.2	0.066	0.874	112.8	0.069 0.253		97.9	0.084	1.701	66.1	0.081	2.109	71.9	0.087	0.135	54.7	0.121	2.181	79.2	0.071	2.171	84.3	0.076	0.893	69.0	0.096
10.0	20	0.134	108.7	0.066	0.805	113.3	0.069 0.197		98.2	0.084	1.775	66.2	0.082	2.146	71.8	0.087	0.125	54.6	0.121	2.352	79.4	0.071	2.274	84.4	0.076	0.970	69.1	0.096
10.5	37	0.151	109.2	0.066	0.775	113.7	0.068 0.116		98.6	0.084	1.819	66.3	0.083	2.175	71.8	0.087	0.112	54.5	0.121	2.506	79.6	0.072	2.375	84.5	0.076	1.059	69.2	0.097
11.0	31	0.201	109.7	0.065	0.780	114.2	0.068 0.015		99.0	0.083	1.832	66.4	0.084	2.195	71.8	0.087	0.096	54.3	0.121	2.640	79.9	0.072	2.474	84.7	0.076	1.160	69.3	0.097
11.5	35	0.280	110.2	0.065	0.819	114.7	0.068	0.106	99.3	0.082	1.811	66.5	0.085	2.207	71.9	0.088	0.074	54.2	0.120	2.749	80.2	0.073	2.570	84.9	0.076	1.274	69.4	0.097
12.0	31	0.378	110.7	0.065	0.878	115.3	0.068	0.241	99.7	0.081	1.757	66.6	0.086	2.210	72.1	0.087	0.043	54.2	0.119	2.836	80.5	0.073	2.663	85.2	0.076	1.399	69.6	0.097
12.5	37	0.485	111.3	0.065	0.945	115.8	0.068	0.389	100.1	0.079	1.675	66.8	0.086	2.203	72.2	0.087	0.001	54.2	0.117	2.902	80.9	0.074	2.753	85.5	0.076	1.534	69.8	0.096
13.0	27	0.599	111.8	0.064	1.020	116.4	0.067	0.549	100.5	0.078	1.571	67.0	0.086	2.192	72.4	0.087 0.051		54.3	0.115	2.957	81.2	0.074	2.843	85.9	0.077	1.676	70.1	0.095
13.5	30	0.722	112.3	0.064	1.107	117.0	0.066	0.720	100.9	0.076	1.453	67.1	0.086	2.179	72.6	0.085 0.110		54.4	0.112	3.008	81.5	0.074	2.933	86.2	0.076	1.825	70.3	0.094
14.0	20	0.854	112.8	0.063	1.207	117.5	0.065	0.898	101.3	0.074	1.328	67.2	0.085	2.169	72.8	0.084 0.174		54.5	0.109	3.061	81.9	0.074	3.026	86.5	0.076	1.977	70.6	0.093
14.5	24	0.991	113.3	0.062	1.319	118.1	0.063	1.083	101.6	0.072	1.202	67.4	0.084	2.162	73.0	0.082 0.243		54.7	0.106	3.121	82.2	0.073	3.122	86.8	0.076	2.132	70.9	0.092
15.0	16	1.129	113.8	0.061	1.435	118.6	0.062	1.269	102.0	0.069	1.075	67.5	0.082	2.158	73.2	0.080 0.316		54.9	0.102	3.183	82.4	0.073	3.219	87.1	0.076	2.287	71.2	0.090
15.5	12	1.265	114.3	0.059	1.552	119.1	0.061	1.454	102.5	0.067	0.946	67.6	0.081	2.153	73.3	0.078 0.391		55.1	0.099	3.243	82.7	0.072	3.317	87.4	0.075	2.440	71.5	0.089
16.0	16	1.400	114.8	0.058	1.668	119.6	0.059	1.639	102.9	0.065	0.816	67.7	0.080	2.148	73.5	0.076 0.467 55.3			0.096	3.302	83.0	0.072	3.415	87.7	0.075	2.593	71.8	0.088
Height																												
120	30	0.593	104.0	0.059	2.107	110.0	0.061	1.565	95.0	0.070	2.996	65.9	0.065	1.952	73.2	0.077	1.491	55.4	0.112	1.848	77.2	0.067	2.092	83.3	0.074	0.335	68.0	0.097
125	32	0.553	105.0	0.060	1.947	110.5	0.062	1.184	95.7	0.071	2.790	65.9	0.070	1.915	72.8	0.080	1.276	55.3	0.115	1.976	77.8	0.068	2.039	83.7	0.076	0.410	68.2	0.096
130	27	0.535	106.0	0.060	1.804	111.0	0.063	0.823	96.4	0.073	2.592	66.0	0.075	1.881	72.4	0.083	1.075	55.1	0.118	2.103	78.3	0.069	2.014	84.0	0.077	0.477	68.4	0.096
135	20	0.566	106.8	0.061	1.686	111.6	0.064	0.518	96.9	0.075	2.407	66.1	0.080	1.851	72.1	0.087	0.891	54.8	0.120	2.236	78.7	0.071	2.032	84.1	0.079	0.553	68.5	0.096
140	34	0.657	107.6	0.062	1.583	112.2	0.065	0.292	97.5	0.077	2.221	66.2	0.084	1.832	71.8	0.090	0.705	54.6	0.121	2.366	79.2	0.073	2.099	84.3	0.080	0.650	68.7	0.097
145	39	0.797	108.7	0.062	1.480	113.1	0.066	0.167	98.1	0.079	2.006	66.3	0.087	1.828	71.7	0.092	0.497	54.4	0.121	2.479	79.7	0.074	2.217	84.5	0.080	0.778	69.0	0.097
150	54	0.973	109.9	0.063	1.367	114.3	0.066	0.186	98.9	0.080	1.743	66.5	0.089	1.836	71.8	0.092	0.279	54.3	0.118	2.591	80.2	0.074	2.404	84.9	0.079	0.955	69.3	0.097
155	51	1.194	111.2	0.062	1.259	115.6	0.066	0.378	100.0	0.079	1.435	66.7	0.087	1.846	72.0	0.090	0.074	54.3	0.114	2.751	80.8	0.073	2.684	85.5	0.077	1.202	69.8	0.095
160	65	1.485	112.4	0.060	1.220	117.0	0.064	0.745	101.1	0.077	1.088	67.0	0.083	1.835	72.4	0.085 0.091		54.6	0.110	2.967	81.5	0.072	3.042	86.2	0.074	1.514	70.4	0.093
165	53	1.834	113.7	0.058	1.261	118.3	0.060	1.272	102.2	0.073	0.700	67.4	0.078	1.799	73.1	0.077 0.200		54.9	0.106	3.214	82.3	0.069	3.442	87.0	0.070	1.871	71.2	0.091
170	46	2.210	115.0	0.055	1.332	119.8	0.055	1.903	103.4	0.070	0.285	68.0	0.071	1.739	73.9	0.069 0.261		55.1	0.147	3.466	83.1	0.066	3.852	88.0	0.064	2.249	72.0	0.089
175	24	2.601	116.4	0.052	1.410	121.2	0.050	2.579	104.6	0.068 0.136 68.6			0.064	1.671	74.8	0.061 0.296 55.4			0.099	3.728	84.0	0.064	4.268	88.9	0.059	2.638	72.8	0.087

