b0sys	ba1sys	ba2sys	ba3sys	ba4sys	b1sys	b2sys	b3sys	b4sys	bb1sys	bb2sys	bb3sys	bb4sys
-15.1614	0.1585	0.7927	-16.2445	64.9588	0.7016	-0.0159	0.0803	-0.1501	0.0109	0.1002	-0.1603	0.0565
7.1181	0.1808	0.1658	-8.1838	41.4072	0.5512	-0.0095	0.0540	-0.1228	0.0057	0.0042	0.0299	-0.0661
16.6833	-0.0164	0.2766	-6.0204	29.5897	0.5000	-0.0072	0.0370	-0.0808	-0.0092	0.0673	-0.0993	0.0246
4.2312	0.3344	0.0389	-4.8857	26.2991	0.5830	-0.0104	0.0473	-0.0885	0.0009	0.0958	-0.1550	0.0586
7.5365	-0.0042	0.4065	-5.8405	25.1459	0.5865	-0.0109	0.0523	-0.0938	0.0010	0.0934	-0.1598	0.0738
9.1488	-0.3319	0.8441	-9.4288	35.3411	0.6019	-0.0121	0.0661	-0.1243	-0.0028	0.1050	-0.1870	0.0975
8.9420	-0.0756	0.7374	-10.0163	38.7888	0.5921	-0.0126	0.0712	-0.1373	0.0130	0.0760	-0.1417	0.0814
7.6195	0.0671	0.6085	-8.8982	34.0775	0.5961	-0.0127	0.0706	-0.1365	0.0147	0.0961	-0.1812	0.1062
4.7191	0.0248	0.8039	-10.5118	37.6146	0.6241	-0.0140	0.0740	-0.1321	0.0285	0.0747	-0.1503	0.0994
-3.7807	0.2569	0.5926	-10.5763	40.4022	0.6754	-0.0144	0.0649	-0.1065	0.0265	0.1273	-0.2395	0.1377
-4.3588	0.5128	0.4441	-11.0057	43.9366	0.6643	-0.0141	0.0598	-0.0914	0.0297	0.1526	-0.2899	0.1703
0.9793	0.2770	0.5168	-10.2491	40.6962	0.6426	-0.0127	0.0539	-0.0858	0.0133	0.1639	-0.2987	0.1604
4.1744	0.2919	0.5211	-10.2719	41.0334	0.6197	-0.0121	0.0528	-0.0869	0.0122	0.1661	-0.3033	0.1633
6.8468	0.1938	0.5369	-9.8873	39.8590	0.6088	-0.0115	0.0517	-0.0889	0.0046	0.1768	-0.3210	0.1715
11.1461	0.2378	0.3678	-8.1510	35.8557	0.5761	-0.0100	0.0440	-0.0795	-0.0007	0.1778	-0.3210	0.1698
12.4221	0.2760	0.2488	-6.8316	31.9031	0.5662	-0.0092	0.0391	-0.0730	-0.0089	0.2003	-0.3583	0.1859
10.6386	0.5028	0.0451	-6.0581	30.8189	0.5675	-0.0093	0.0395	-0.0789	-0.0048	0.1885	-0.3309	0.1625
11.8950	0.4259	0.0403	-5.1913	27.4155	0.5654	-0.0088	0.0351	-0.0686	-0.0151	0.2160	-0.3783	0.1854
15.6199	0.2947	0.1255	-4.8706	25.2474	0.5485	-0.0083	0.0349	-0.0709	-0.0153	0.1958	-0.3402	0.1631
19.1961	0.2043	0.1214	-4.0580	22.8341	0.5297	-0.0074	0.0310	-0.0656	-0.0250	0.2093	-0.3615	0.1710
24.9014	0.1164	0.1324	-3.0351	18.7307	0.4951	-0.0063	0.0283	-0.0649	-0.0265	0.1862	-0.3184	0.1463
27.7411	-0.0002	0.2510	-3.2510	17.9354	0.4835	-0.0062	0.0313	-0.0730	-0.0260	0.1667	-0.2835	0.1289
26.5408	-0.0132	0.3133	-3.6487	17.7499	0.4961	-0.0068	0.0361	-0.0837	-0.0188	0.1384	-0.2306	0.0976
24.9608	0.0679	0.2933	-3.7963	17.8167	0.5066	-0.0077	0.0430	-0.0991	-0.0102	0.1136	-0.1873	0.0762
30.7628	-0.0404	0.3473	-3.5140	16.9902	0.4711	-0.0065	0.0402	-0.0991	-0.0135	0.1043	-0.1720	0.0705
32.9166	-0.0712	0.3957	-3.9000	17.9467	0.4584	-0.0062	0.0397	-0.0994	-0.0111	0.0905	-0.1473	0.0576
35.8384	-0.1540	0.4647	-4.0996	18.2022	0.4447	-0.0061	0.0445	-0.1155	-0.0116	0.0725	-0.1148	0.0406
35.8936	-0.2601	0.5885	-4.4079	17.6393	0.4551	-0.0069	0.0522	-0.1317	-0.0062	0.0420	-0.0594	0.0107
35.6599	-0.2948	0.6396	-4.5403	17.3049	0.4616	-0.0074	0.0559	-0.1397	-0.0065	0.0482	-0.0732	0.0217
34.2326	-0.3816	0.7322	-4.7950	17.0262	0.4801	-0.0079	0.0573	-0.1393	-0.0049	0.0527	-0.0851	0.0332
38.4360	-0.5180	0.8471	-5.2375	18.6249	0.4592	-0.0074	0.0594	-0.1493	-0.0109	0.0578	-0.0961	0.0420
37.4759	-0.3108	0.6669	-4.4870	17.3228	0.4543	-0.0072	0.0558	-0.1401	-0.0071	0.0668	-0.1148	0.0546
38.2626	-0.2565	0.5950	-3.8813	15.7330	0.4471	-0.0072	0.0565	-0.1436	-0.0047	0.0580	-0.0993	0.0468
40.1654	-0.3730	0.7286	-4.6690	17.4341	0.4421	-0.0071	0.0576	-0.1469	-0.0005	0.0365	-0.0612	0.0272
42.9794	-0.5548	0.8878	-5.2907	18.8227	0.4348	-0.0069	0.0595	-0.1514	-0.0022	0.0330	-0.0585	0.0309
45.6449	-0.6118	0.8823	-5.0487	18.8985	0.4196	-0.0061	0.0555	-0.1462	-0.0051	0.0381	-0.0690	0.0387
46.6551	-0.5689	0.8660	-5.0611	19.3856	0.4100	-0.0059	0.0537	-0.1435	-0.0027	0.0390	-0.0728	0.0431
47.5003	-0.5697	0.8793	-5.2030	19.8144	0.4057	-0.0059	0.0563	-0.1527	-0.0019	0.0291	-0.0538	0.0314
45.4030	-0.5065	0.8608	-5.5153	21.0092	0.4195	-0.0064	0.0585	-0.1569	0.0032	0.0197	-0.0361	0.0204
44.8971	-0.3950	0.8017	-5.6222	21.9379	0.4168	-0.0064	0.0554	-0.1470	0.0027	0.0376	-0.0690	0.0382
47.5247	-0.4291	0.8436	-5.8317	22.6883	0.3999	-0.0058	0.0527	-0.1421	0.0015	0.0382	-0.0702	0.0389
46.4630	-0.3679	0.8717	-6.4206	23.9766	0.4049	-0.0060	0.0518	-0.1372	0.0093	0.0233	-0.0445	0.0258
43.9842	-0.1919	0.7920	-6.7209	25.4109	0.4126	-0.0063	0.0508	-0.1325	0.0119	0.0370	-0.0693	0.0383
43.2939	-0.2722	0.8627	-7.0319	25.6372	0.4253	-0.0066	0.0520	-0.1346	0.0151	0.0220	-0.0414	0.0222
44.9267	-0.3058	0.9029	-7.1291	25.4723	0.4173	-0.0066	0.0540	-0.1396	0.0166	0.0080	-0.0161	0.0087
45.3659	-0.1577	0.7596	-6.3854	23.8924	0.4047	-0.0060	0.0477	-0.1258	0.0150	0.0245	-0.0444	0.0212
45.5821	-0.0245	0.5923	-5.4731	22.2940	0.3963	-0.0056	0.0460	-0.1251	0.0164	0.0239	-0.0431	0.0201
47.1433	-0.0461	0.5910	-5.2852	21.7529	0.3877	-0.0053	0.0449	-0.1222	0.0153	0.0223	-0.0412	0.0208
51.4950	-0.1432	0.6440	-5.3385	21.7750	0.3619	-0.0042	0.0417	-0.1223	0.0089	0.0218	-0.0369	0.0143
49.2507	-0.0452	0.5634	-5.0092	21.3118	0.3735	-0.0044	0.0403	-0.1176	0.0104	0.0345	-0.0607	0.0278
48.7230	-0.0088	0.5464	-5.0086	21.4246	0.3773	-0.0046	0.0403	-0.1140	0.0144	0.0211	-0.0365	0.0147
46.2919	0.1370	0.4328	-4.7097	21.0581	0.3870	-0.0047	0.0368	-0.1041	0.0171	0.0335	-0.0595	0.0270
47.5969	0.1489	0.3829	-4.2807	20.0760	0.3772	-0.0039	0.0315	-0.0941	0.0134	0.0397	-0.0681	0.0283
48.5103	0.1248	0.3886	-4.0219	19.1219	0.3741	-0.0039	0.0318	-0.0943	0.0115	0.0417	-0.0714	0.0300
47.0617	0.2003	0.3427	-3.9935	19.2648	0.3815	-0.0041	0.0313	-0.0915	0.0121	0.0505	-0.0878	0.0394
47.9002	0.1572	0.3732	-3.8154	17.8605	0.3802	-0.0041	0.0320	-0.0944	0.0113	0.0408	-0.0670	0.0240
49.1150	0.0782	0.4887	-4.5668	19.8764	0.3783	-0.0042	0.0339	-0.0974	0.0137	0.0304	-0.0508	0.0190
49.9451	0.1037	0.4323	-3.9989	18.2108	0.3716	-0.0039	0.0318	-0.0942	0.0126	0.0354	-0.0602	0.0246
50.1287	0.2012	0.3324	-3.2058	15.6080	0.3664	-0.0039	0.0327	-0.0981	0.0177	0.0133	-0.0189	0.0001
49.5100	0.1993	0.3903	-3.8043	17.1157	0.3729	-0.0042	0.0344	-0.1008	0.0221	0.0041	-0.0038	-0.0061
47.0301	0.2961	0.3665	-3.9702	17.4284	0.3864	-0.0047	0.0328	-0.0906	0.0207	0.0246	-0.0408	0.0138
46.9571	0.2268	0.4324	-4.3249	18.4933	0.3932	-0.0048	0.0332	-0.0914	0.0225	0.0162	-0.0255	0.0051
45.7187	0.3190	0.3143	-3.5355	16.3535	0.3986	-0.0048	0.0327	-0.0905	0.0195	0.0390	-0.0672	0.0285
46.6338	0.3294	0.3122	-3.6994	16.9404	0.3928	-0.0047	0.0327	-0.0892	0.0200	0.0422	-0.0754	0.0360
46.7960	0.2184	0.4173	-4.2913	18.3125	0.4005	-0.0048	0.0316	-0.0843	0.0138	0.0632	-0.1146	0.0591
45.6059	0.2609	0.3536	-3.7119	16.4744	0.4090	-0.0050	0.0313	-0.0814	0.0161	0.0671	-0.1239	0.0669
46.2843	0.1969	0.3840	-3.6001	15.9912	0.4103	-0.0050	0.0321	-0.0828	0.0153	0.0735	-0.1390	0.0800
42.7066	0.3391	0.2772	-3.5789	16.5957	0.4304	-0.0057	0.0333	-0.0798	0.0158	0.0981	-0.1852	0.1067
42.8015	0.3061	0.3293	-3.7417	16.4765	0.4348	-0.0061	0.0357	-0.0812	0.0203	0.0909	-0.1775	0.1098
44.6588	0.3589	0.2756	-3.1211	14.5181	0.4196	-0.0059	0.0374	-0.0881	0.0175	0.0943	-0.1832	0.1126
45.4978	0.2369	0.3198	-2.8753	12.9699	0.4238	-0.0058	0.0377	-0.0900	0.0126	0.0997	-0.1911	0.1148
44.3791	0.2470	0.2747	-2.2776	10.7861	0.4342	-0.0061	0.0387	-0.0918	0.0106	0.1113	-0.2121	0.1265
44.5213	0.3308	0.2335	-2.5761	12.6357	0.4295	-0.0060	0.0393	-0.0953	0.0150	0.1005	-0.1920	0.1141
43.3339	0.3496	0.2289	-2.6952	12.6151	0.4397	-0.0064	0.0411	-0.0987	0.0118	0.1138	-0.2135	0.1223
45.7745	0.2806	0.3230	-3.0124	12.5836	0.4279	-0.0062	0.0429	-0.1061	0.0132	0.0996	-0.1888	0.1104
46.2858	0.2501	0.3239	-2.6897	11.1237	0.4274	-0.0059	0.0399	-0.1008	0.0086	0.1214	-0.2293	0.1336
47.1461	0.0565	0.3804	-1.9028	7.5777	0.4368	-0.0058	0.0399	-0.1016	-0.0042	0.1495	-0.2777	0.1579
49.8411	-0.0213	0.4353	-2.2574	9.0572	0.4224	-0.0051	0.0374	-0.0989	-0.0067	0.1499	-0.2787	0.1591
54.4100	-0.2754	0.6713	-3.3139	10.8614	0.4065	-0.0045	0.0392	-0.1059	-0.0134	0.1536	-0.2881	0.1687
59.0571	-0.3916	0.7140	-3.2563	11.6335	0.3792	-0.0031	0.0313	-0.0925	-0.0235	0.1848	-0.3462	0.2023
61.5501	-0.4923	0.8257	-3.7049	12.2735	0.3688	-0.0028	0.0301	-0.0892	-0.0258	0.1974	-0.3735	0.2231
62.0991	-0.5602	0.8523	-3.3702	9.8550	0.3710	-0.0025	0.0277	-0.0850	-0.0253	0.1895	-0.3572	0.2113
63.7402	-0.7486	1.0333	-4.0639	10.5288	0.3743	-0.0026	0.0296	-0.0853	-0.0264	0.1907	-0.3647	0.2234
63.1912	-0.7684	1.0572	-4.1343	10.1666	0.3825	-0.0028	0.0301	-0.0846	-0.0226	0.1752	-0.3347	0.2040
65.2900	-0.9003	1.2109	-4.7056	10.0344	0.3789	-0.0031	0.0353	-0.0982	-0.0171	0.1415	-0.2745	0.1730
69.7586	-0.9059	1.1421	-3.8514	8.3464	0.3466	-0.0015	0.0272	-0.0852	-0.0254	0.1633	-0.3147	0.1963
68.7204	-0.7413	1.1610	-4.8929	11.4709	0.3470	-0.0023	0.0323	-0.0945	-0.0166	0.1384	-0.2677	0.1676
70.0709	-0.7105	1.1845	-4.9763	11.0263	0.3366	-0.0017	0.0271	-0.0857	-0.0132	0.1197	-0.2317	0.1451
71.2247	-0.6095	1.0475	-4.2244	9.2028	0.3239	-0.0008	0.0220	-0.0796	-0.0212	0.1383	-0.2581	0.1496
71.0728	-0.5897	0.9540	-3.2255	5.8280	0.3275	-0.0005	0.0181	-0.0707	-0.0200	0.1457	-0.2721	0.1573
70.0217	-0.3531	0.6571	-1.1748	0.8060	0.3265	-0.0006	0.0201	-0.0785	-0.0091	0.1053	-0.1976	0.1150
70.5203	-0.3866	0.7711	-1.2734	-1.0004	0.3319	-0.0017	0.0287	-0.0920	0.0090	0.0424	-0.0915	0.0678
76.3547	-0.7212	0.9341	-1.3303	-1.6526	0.3140	-0.0002	0.0247	-0.0938	-0.0122	0.0896	-0.1740	0.1101
90.6025	-1.3557	1.1746	0.1551	-7.7290	0.2521	0.0034	0.0132	-0.0881	-0.0357	0.0885	-0.1674	0.1033
102.6662	-1.2263	0.8589	3.2534	-15.7885	0.1576	0.0072	-0.0076	-0.0516	-0.0325	0.0706	-0.1432	0.1009
102.9154	-1.5899	1.4523	-0.5061	-7.5933	0.1871	0.0055	0.0020	-0.0596	-0.0411	0.1113	-0.2264	0.1604
125.2207	-3.3398	2.9466	-5.4863	-1.9080	0.1438	0.0076	0.0111	-0.0959	-0.1006	0.1222	-0.2249	0.1376
125.8697	-3.2997	3.1051	-7.3155	3.4281	0.1505	0.0067	0.0193	-0.1148	-0.0879	0.0819	-0.1569	0.1076
99.6314	-2.8535	3.0650	-6.4997	-4.9829	0.3473	-0.0010	0.0499	-0.1346	-0.0354	-0.0379	0.0681	-0.0284
