Intercept y y2s y3s y4s x x2s x3s x4s w w2s w3s w4s quantile type sex
36.3363 -0.4513 -0.2328 28.8499 -129.833 -0.0182 0.0007 0.0464 -0.2691 -0.0622 -0.2979 0.6276 -0.5522 0.01 dia F
30.6534 -1.0645 -0.5369 30.8360 -125.690 0.1058 0.0021 0.0390 -0.2859 -0.0568 -0.8988 1.5116 -0.9035 0.02 dia F
46.6521 -0.8427 -0.8134 29.0051 -109.524 -0.0091 0.0049 0.0484 -0.3790 -0.0684 -0.6066 1.0179 -0.5945 0.03 dia F
34.7995 -1.0943 -0.5132 24.8976 -93.9462 0.1143 0.0006 0.0856 -0.4757 -0.0300 -0.9349 1.4240 -0.6362 0.04 dia F
15.9095 -0.3518 -0.6484 19.5391 -72.0796 0.2253 -0.0045 0.1041 -0.5073 0.0070 -1.3455 2.0777 -0.9953 0.05 dia F
12.8878 -0.0974 -1.0427 20.0319 -66.1203 0.2379 -0.0020 0.0402 -0.2008 -0.0112 -0.4679 0.7618 -0.4226 0.06 dia F
3.2759 -0.1741 -0.7763 16.2511 -53.8662 0.3223 -0.0044 0.0485 -0.2089 -0.0061 -0.2448 0.4092 -0.2385 0.07 dia F
12.8460 -0.0649 -0.8792 16.2183 -50.6930 0.2474 -0.0022 0.0311 -0.1230 -0.0255 0.2390 -0.3265 0.1012 0.08 dia F
12.8668 0.1716 -1.0619 16.2814 -49.2028 0.2361 -0.0020 0.0293 -0.1263 -0.0322 0.5303 -0.7561 0.2762 0.09 dia F
9.1120 0.1408 -1.0811 16.1015 -48.0962 0.2737 -0.0032 0.0416 -0.1676 -0.0278 0.5837 -0.8523 0.3437 0.1 dia F
11.7225 -0.2667 -0.6740 14.1978 -45.5872 0.2840 -0.0034 0.0505 -0.2030 -0.0368 0.5673 -0.8255 0.3314 0.11 dia F
19.5753 -0.4609 -0.4453 12.7133 -41.9359 0.2384 -0.0020 0.0503 -0.2232 -0.0503 0.7475 -1.0987 0.4581 0.12 dia F
21.1297 -0.7489 -0.2784 12.1653 -40.6521 0.2491 -0.0015 0.0462 -0.2201 -0.0415 0.5736 -0.8537 0.3742 0.13 dia F
17.5087 -0.5589 -0.5804 13.6135 -42.3595 0.2699 -0.0017 0.0438 -0.2286 -0.0325 0.5451 -0.8138 0.3581 0.14 dia F
19.1250 -0.6931 -0.3580 11.3984 -35.5973 0.2679 -0.0009 0.0341 -0.1992 -0.0272 0.3386 -0.5034 0.2204 0.15 dia F
12.3312 -0.7307 -0.2314 9.1993 -27.9046 0.3246 -0.0020 0.0272 -0.1474 -0.0218 0.4218 -0.6267 0.2695 0.16 dia F
8.7933 -0.5755 -0.2574 8.5358 -26.1118 0.3473 -0.0031 0.0313 -0.1447 -0.0249 0.4514 -0.6549 0.2572 0.17 dia F
6.8234 -0.7262 -0.0687 7.7821 -26.4927 0.3781 -0.0044 0.0462 -0.2030 -0.0214 0.2612 -0.3714 0.1375 0.18 dia F
6.5708 -0.6226 -0.1738 8.0763 -26.5849 0.3759 -0.0041 0.0378 -0.1688 -0.0223 0.3339 -0.4750 0.1725 0.19 dia F
12.4952 -0.7810 0.0532 6.8239 -24.2698 0.3431 -0.0032 0.0368 -0.1732 -0.0262 0.1513 -0.1909 0.0331 0.2 dia F
16.8254 -0.4175 -0.2206 7.4894 -23.9702 0.2885 -0.0021 0.0295 -0.1608 -0.0154 -0.0241 0.0763 -0.0950 0.21 dia F
17.8811 -0.4367 -0.1266 7.0389 -24.1500 0.2868 -0.0028 0.0392 -0.1928 -0.0081 -0.2780 0.4577 -0.2641 0.22 dia F
16.5734 -0.2666 -0.2542 7.0108 -22.3832 0.2899 -0.0032 0.0387 -0.1806 -0.0041 -0.2653 0.4360 -0.2519 0.23 dia F
19.9011 -0.2317 -0.3427 7.6601 -23.4789 0.2636 -0.0020 0.0303 -0.1519 -0.0146 -0.0788 0.1620 -0.1394 0.24 dia F
21.7218 -0.2625 -0.2345 6.6903 -20.9185 0.2553 -0.0023 0.0347 -0.1547 -0.0230 0.0302 0.0052 -0.0801 0.25 dia F
21.9955 -0.4947 -0.0505 6.3827 -21.7936 0.2719 -0.0028 0.0392 -0.1593 -0.0334 0.1394 -0.1536 -0.0152 0.26 dia F
25.2014 -0.5716 0.0877 5.7268 -21.1119 0.2566 -0.0032 0.0512 -0.2028 -0.0358 0.0855 -0.0747 -0.0456 0.27 dia F
24.9355 -0.6578 0.2310 4.6551 -18.8514 0.2671 -0.0039 0.0592 -0.2224 -0.0268 -0.0489 0.1140 -0.1096 0.28 dia F
23.5259 -0.5069 0.1119 4.7744 -18.0734 0.2698 -0.0040 0.0557 -0.2087 -0.0263 0.0265 0.0098 -0.0803 0.29 dia F
22.6538 -0.3685 -0.0683 5.5225 -18.8175 0.2682 -0.0033 0.0439 -0.1629 -0.0299 0.2232 -0.2808 0.0390 0.3 dia F
25.1343 -0.4732 0.0854 3.9605 -13.9120 0.2571 -0.0028 0.0398 -0.1488 -0.0380 0.4146 -0.5644 0.1571 0.31 dia F
26.0776 -0.4748 0.0973 4.2405 -15.6978 0.2526 -0.0028 0.0409 -0.1485 -0.0398 0.4214 -0.5758 0.1652 0.32 dia F
27.7828 -0.4017 0.0700 4.2580 -15.4754 0.2367 -0.0027 0.0432 -0.1635 -0.0350 0.3149 -0.4222 0.1074 0.33 dia F
33.3210 -0.5491 0.2782 3.9722 -17.4641 0.2081 -0.0028 0.0559 -0.2079 -0.0453 0.3091 -0.4165 0.1140 0.34 dia F
34.8309 -0.6942 0.4260 3.3318 -16.8497 0.2081 -0.0030 0.0647 -0.2508 -0.0416 0.1445 -0.1779 0.0236 0.35 dia F
37.5926 -0.6443 0.3677 3.4067 -16.4200 0.1823 -0.0015 0.0474 -0.1947 -0.0411 0.2234 -0.2936 0.0668 0.36 dia F
39.4412 -0.5625 0.2263 4.2984 -18.3087 0.1635 -0.0003 0.0348 -0.1585 -0.0452 0.3142 -0.4246 0.1158 0.37 dia F
40.6765 -0.6234 0.3141 3.8208 -17.9457 0.1599 -0.0002 0.0372 -0.1782 -0.0410 0.1452 -0.1684 -0.0017 0.38 dia F
38.5263 -0.6294 0.3817 3.0897 -16.2418 0.1784 -0.0007 0.0354 -0.1608 -0.0439 0.2718 -0.3597 0.0853 0.39 dia F
38.8799 -0.7551 0.4856 2.7340 -15.7989 0.1860 -0.0008 0.0370 -0.1615 -0.0449 0.2920 -0.3993 0.1186 0.4 dia F
41.2743 -0.9011 0.6699 2.2512 -16.8137 0.1795 -0.0009 0.0420 -0.1746 -0.0484 0.2216 -0.2930 0.0726 0.41 dia F
42.2558 -1.0062 0.7158 2.6789 -19.1943 0.1817 -0.0009 0.0441 -0.1858 -0.0468 0.0978 -0.1120 0.0020 0.42 dia F
40.2612 -0.9872 0.7444 1.7973 -16.1566 0.1974 -0.0012 0.0445 -0.1857 -0.0476 0.1203 -0.1402 0.0055 0.43 dia F
43.6457 -1.0069 0.7340 1.9082 -15.7760 0.1751 -0.0005 0.0411 -0.1774 -0.0540 0.2098 -0.2758 0.0684 0.44 dia F
37.4261 -1.0061 0.8119 0.7582 -12.6239 0.2262 -0.0023 0.0517 -0.2087 -0.0439 0.0866 -0.0919 -0.0122 0.45 dia F
39.6219 -1.2657 1.1924 -1.7105 -7.6258 0.2280 -0.0027 0.0582 -0.2341 -0.0470 -0.0208 0.0811 -0.1069 0.46 dia F
40.8430 -1.2324 1.2238 -1.9885 -7.0689 0.2204 -0.0032 0.0673 -0.2749 -0.0429 -0.1374 0.2503 -0.1721 0.47 dia F
43.5592 -1.2444 1.2281 -1.7233 -8.2869 0.2012 -0.0024 0.0607 -0.2564 -0.0432 -0.1732 0.3033 -0.1943 0.48 dia F
44.6015 -1.2557 1.2143 -1.1069 -11.0077 0.1970 -0.0025 0.0620 -0.2557 -0.0368 -0.2817 0.4521 -0.2374 0.49 dia F
43.4310 -1.4836 1.4844 -2.8301 -7.6910 0.2221 -0.0031 0.0664 -0.2718 -0.0343 -0.3518 0.5529 -0.2744 0.5 dia F
40.2503 -1.5293 1.5113 -3.3498 -5.9574 0.2524 -0.0038 0.0674 -0.2644 -0.0307 -0.3766 0.5899 -0.2912 0.51 dia F
38.7912 -1.4248 1.4482 -3.6476 -4.2826 0.2581 -0.0037 0.0597 -0.2243 -0.0330 -0.3080 0.4967 -0.2660 0.52 dia F
43.1602 -1.3762 1.3057 -2.4967 -6.1669 0.2217 -0.0018 0.0357 -0.1265 -0.0409 -0.0310 0.0745 -0.0711 0.53 dia F
44.7535 -1.2714 1.1636 -1.6742 -7.0124 0.2031 -0.0006 0.0171 -0.0429 -0.0436 0.1573 -0.2169 0.0706 0.54 dia F
44.9528 -1.1354 1.0103 -0.6896 -9.5126 0.1953 -0.0005 0.0153 -0.0298 -0.0404 0.1044 -0.1372 0.0343 0.55 dia F
39.8113 -0.9011 0.8911 -1.1437 -6.6547 0.2237 -0.0020 0.0227 -0.0406 -0.0358 0.0930 -0.1099 0.0051 0.56 dia F
37.8989 -1.0051 1.0055 -1.5428 -6.9588 0.2482 -0.0029 0.0310 -0.0735 -0.0328 -0.0609 0.1319 -0.1190 0.57 dia F
35.1924 -0.8104 0.8253 -0.5962 -9.3500 0.2601 -0.0037 0.0368 -0.0925 -0.0269 -0.1549 0.2764 -0.1888 0.58 dia F
35.6873 -0.7372 0.8448 -1.3541 -6.8503 0.2540 -0.0041 0.0431 -0.1168 -0.0230 -0.2589 0.4332 -0.2593 0.59 dia F
32.6133 -0.5491 0.7277 -1.3961 -5.5317 0.2691 -0.0053 0.0532 -0.1439 -0.0153 -0.3595 0.5813 -0.3205 0.6 dia F
34.8437 -0.4711 0.6905 -1.4542 -4.7991 0.2492 -0.0052 0.0579 -0.1655 -0.0189 -0.3396 0.5570 -0.3175 0.61 dia F
35.5381 -0.4317 0.6593 -1.2682 -5.2622 0.2433 -0.0053 0.0630 -0.1896 -0.0217 -0.3173 0.5302 -0.3160 0.62 dia F
36.1777 -0.4466 0.6410 -0.9947 -5.8087 0.2409 -0.0052 0.0631 -0.1933 -0.0220 -0.1927 0.3323 -0.2121 0.63 dia F
41.2921 -0.4612 0.5856 -0.5033 -6.0372 0.2021 -0.0034 0.0497 -0.1573 -0.0331 0.0525 -0.0350 -0.0513 0.64 dia F
43.0646 -0.3308 0.3256 1.3124 -9.9318 0.1798 -0.0016 0.0281 -0.0904 -0.0459 0.3232 -0.4202 0.0842 0.65 dia F
44.3551 -0.1948 0.1835 1.9859 -10.8501 0.1628 -0.0011 0.0241 -0.0832 -0.0524 0.5032 -0.6840 0.1900 0.66 dia F
41.1520 0.0212 -0.0243 2.9817 -12.3905 0.1771 -0.0019 0.0273 -0.0838 -0.0470 0.5514 -0.7673 0.2434 0.67 dia F
40.7747 0.1804 -0.1901 4.1333 -15.4608 0.1742 -0.0025 0.0343 -0.0976 -0.0441 0.5815 -0.8266 0.2933 0.68 dia F
42.6723 0.2057 -0.2093 4.4920 -16.8094 0.1599 -0.0024 0.0353 -0.0956 -0.0449 0.6759 -0.9819 0.3834 0.69 dia F
44.4726 0.1842 -0.1287 4.2111 -17.1510 0.1485 -0.0024 0.0365 -0.0871 -0.0360 0.5025 -0.7363 0.2978 0.7 dia F
44.4307 0.0412 0.0455 3.5578 -17.0706 0.1602 -0.0031 0.0461 -0.1195 -0.0272 0.2636 -0.3881 0.1611 0.71 dia F
46.1460 -0.1944 0.3303 2.0667 -14.4506 0.1634 -0.0032 0.0504 -0.1357 -0.0212 0.0591 -0.0927 0.0497 0.72 dia F
48.5522 -0.2845 0.4266 2.1896 -16.3502 0.1537 -0.0035 0.0626 -0.1955 -0.0152 -0.2111 0.3080 -0.1179 0.73 dia F
47.5272 -0.3843 0.5027 1.5489 -14.8051 0.1683 -0.0032 0.0566 -0.1790 -0.0162 -0.1752 0.2648 -0.1172 0.74 dia F
42.3688 -0.2544 0.3590 1.5821 -13.3586 0.2003 -0.0031 0.0394 -0.1000 -0.0230 0.1762 -0.2505 0.0889 0.75 dia F
40.4190 -0.1244 0.2024 2.2651 -13.8723 0.2085 -0.0028 0.0242 -0.0270 -0.0263 0.4803 -0.7170 0.3102 0.76 dia F
41.2786 -0.4001 0.5512 0.3246 -9.9661 0.2234 -0.0037 0.0333 -0.0397 -0.0258 0.4110 -0.6274 0.2957 0.77 dia F
44.5475 -0.4095 0.5884 0.3313 -11.0779 0.2020 -0.0036 0.0417 -0.0815 -0.0240 0.2501 -0.3889 0.1968 0.78 dia F
48.1433 -0.5054 0.6845 0.6598 -14.3615 0.1854 -0.0038 0.0599 -0.1887 -0.0266 0.0236 -0.0355 0.0216 0.79 dia F
36.6027 -0.2846 0.4948 0.5126 -11.9027 0.2648 -0.0058 0.0611 -0.1823 -0.0318 0.3126 -0.4516 0.1770 0.8 dia F
32.6680 -0.2953 0.5385 -0.5236 -7.6933 0.2977 -0.0064 0.0584 -0.1674 -0.0333 0.4917 -0.7205 0.2953 0.81 dia F
34.2675 -0.3725 0.6712 -1.4456 -4.7100 0.2927 -0.0065 0.0568 -0.1384 -0.0262 0.4807 -0.7367 0.3540 0.82 dia F
34.5736 -0.5184 0.8798 -2.5558 -3.2479 0.3039 -0.0074 0.0666 -0.1528 -0.0130 0.1827 -0.3110 0.2009 0.83 dia F
38.2705 -0.8498 1.1780 -3.1281 -5.8888 0.2993 -0.0068 0.0702 -0.2122 -0.0147 -0.2020 0.2993 -0.1195 0.84 dia F
27.2619 -0.7090 1.1524 -4.7290 0.3025 0.3797 -0.0092 0.0796 -0.2446 -0.0222 0.1254 -0.1630 0.0363 0.85 dia F
30.6429 -0.6031 1.1239 -5.8827 7.3287 0.3476 -0.0081 0.0684 -0.2186 -0.0270 0.4252 -0.6274 0.2628 0.86 dia F
38.2584 -0.5815 1.0570 -5.5212 7.7327 0.2884 -0.0057 0.0424 -0.1141 -0.0255 0.4732 -0.7143 0.3218 0.87 dia F
34.2063 -0.6992 1.3687 -7.5293 9.9367 0.3300 -0.0072 0.0412 -0.0552 -0.0037 0.0265 -0.0620 0.0645 0.88 dia F
28.3761 -0.5032 1.1656 -6.5035 7.3478 0.3702 -0.0090 0.0557 -0.0992 0.0012 -0.2162 0.3295 -0.1511 0.89 dia F
31.5473 -0.1910 0.8482 -4.9950 5.5448 0.3330 -0.0093 0.0772 -0.2338 -0.0012 -0.3665 0.5893 -0.3214 0.9 dia F
28.0599 -0.1241 0.7701 -4.7329 5.1931 0.3597 -0.0102 0.0796 -0.2161 -0.0098 0.0298 -0.0073 -0.0557 0.91 dia F
23.6587 0.3036 0.2722 -3.1305 5.7577 0.3693 -0.0097 0.0627 -0.1368 -0.0164 0.4595 -0.6438 0.2100 0.92 dia F
30.6936 0.0131 0.6061 -3.5047 1.8377 0.3406 -0.0098 0.0776 -0.1950 -0.0166 0.1956 -0.2534 0.0492 0.93 dia F
36.2121 -0.1094 0.7833 -3.9736 0.5351 0.3083 -0.0089 0.0774 -0.1975 -0.0148 0.0910 -0.0977 -0.0189 0.94 dia F
42.9427 -0.2087 1.2659 -7.7504 8.4270 0.2634 -0.0082 0.0706 -0.1836 0.0138 -0.4419 0.6751 -0.3217 0.95 dia F
35.6163 -0.3308 1.3791 -8.3941 8.0466 0.3365 -0.0098 0.0787 -0.2043 -0.0005 -0.1455 0.2492 -0.1613 0.96 dia F
52.6206 0.3420 0.8903 -5.8391 3.6866 0.1778 -0.0082 0.0886 -0.2524 0.0117 -0.5949 0.9156 -0.4441 0.97 dia F
73.7970 -0.1315 1.1805 -3.1333 -12.7158 0.0592 -0.0043 0.0809 -0.2789 -0.0520 0.1674 -0.2079 0.0315 0.98 dia F
106.9205 -0.8638 1.9387 -5.9490 -7.0235 -0.1310 0.0011 0.0640 -0.2761 -0.1211 0.5938 -0.7577 0.1352 0.99 dia F
-13.5670 -1.1325 -1.7078 28.8607 -81.1719 0.4118 0.0003 -0.0263 0.0507 -0.0087 -0.1202 0.2977 -0.2691 0.01 dia M
-43.7777 1.9512 -3.8763 28.8717 -57.6407 0.4741 -0.0029 -0.0496 0.1518 -0.0191 0.1992 -0.2879 0.0508 0.02 dia M
-35.5221 1.6542 -3.2001 22.4882 -41.2990 0.4425 -0.0025 -0.0428 0.1269 -0.0674 0.3133 -0.4650 0.1062 0.03 dia M
-25.9772 2.0924 -3.8188 24.4956 -38.8551 0.3556 0.0003 -0.0543 0.1499 -0.0796 0.4423 -0.7299 0.2906 0.04 dia M
-16.9931 2.2497 -3.7873 23.1323 -35.1791 0.2916 0.0006 -0.0481 0.1416 -0.0641 0.3962 -0.6572 0.2638 0.05 dia M
-19.6683 2.3137 -3.7117 22.8638 -35.7152 0.3203 -0.0015 -0.0388 0.1406 -0.0689 0.4499 -0.7699 0.3469 0.06 dia M
-33.2858 2.7679 -4.0941 22.3138 -27.6548 0.3986 -0.0021 -0.0592 0.2053 -0.0938 0.6243 -1.0803 0.5056 0.07 dia M
-42.5220 3.0229 -4.2155 22.1584 -27.6854 0.4632 -0.0051 -0.0392 0.1567 -0.0631 0.5120 -0.8671 0.3759 0.08 dia M
-34.2517 2.7721 -3.6109 17.4453 -15.4161 0.4233 -0.0055 -0.0269 0.1286 -0.0371 0.3660 -0.6077 0.2427 0.09 dia M
-42.4833 3.1554 -3.8233 16.9605 -12.0012 0.4660 -0.0072 -0.0191 0.1105 -0.0294 0.3572 -0.5855 0.2225 0.1 dia M
-54.4375 3.0764 -3.5785 15.2542 -9.8518 0.5690 -0.0112 -0.0014 0.0879 -0.0340 0.4004 -0.6627 0.2631 0.11 dia M
-38.5925 2.3768 -3.1326 15.4931 -14.1216 0.5015 -0.0094 0.0059 0.0528 -0.0475 0.3550 -0.5818 0.2245 0.12 dia M
-40.8119 2.5241 -3.3547 16.1453 -12.9930 0.5119 -0.0092 0.0039 0.0554 -0.0504 0.3968 -0.6637 0.2771 0.13 dia M
-46.3014 2.6717 -3.5156 16.4588 -11.9729 0.5495 -0.0106 0.0106 0.0468 -0.0493 0.4299 -0.7314 0.3246 0.14 dia M
-47.6314 2.9586 -3.7580 16.7192 -10.3567 0.5434 -0.0102 0.0067 0.0518 -0.0595 0.4837 -0.8241 0.3686 0.15 dia M
-41.6665 2.9392 -3.8754 17.5857 -10.8233 0.4983 -0.0073 -0.0149 0.0964 -0.0817 0.5737 -0.9870 0.4563 0.16 dia M
-45.7369 2.9396 -3.8633 17.2310 -10.5610 0.5321 -0.0080 -0.0146 0.1016 -0.0765 0.5824 -1.0084 0.4748 0.17 dia M
-51.9290 2.9378 -3.7832 15.9238 -7.0752 0.5860 -0.0101 -0.0013 0.0747 -0.0647 0.5498 -0.9515 0.4469 0.18 dia M
-45.8559 3.0516 -3.9216 17.0729 -10.1336 0.5356 -0.0086 -0.0063 0.0786 -0.0616 0.5196 -0.8956 0.4150 0.19 dia M
-39.5605 2.8551 -3.5847 14.9465 -5.3128 0.5025 -0.0082 -0.0030 0.0687 -0.0683 0.5134 -0.8848 0.4109 0.2 dia M
-33.7657 2.9223 -3.5330 14.1257 -2.6863 0.4575 -0.0075 -0.0012 0.0596 -0.0664 0.4876 -0.8388 0.3872 0.21 dia M
-32.2810 2.6018 -3.2278 12.8399 -0.8793 0.4720 -0.0081 0.0063 0.0419 -0.0620 0.4496 -0.7751 0.3605 0.22 dia M
-31.5797 2.3929 -2.9101 11.2038 1.5782 0.4845 -0.0091 0.0143 0.0265 -0.0586 0.4152 -0.7120 0.3258 0.23 dia M
-32.2816 2.6349 -3.0487 11.5875 0.5188 0.4779 -0.0097 0.0203 0.0104 -0.0440 0.3694 -0.6297 0.2818 0.24 dia M
-25.4400 2.7183 -3.2535 13.5284 -4.0414 0.4210 -0.0070 0.0038 0.0396 -0.0469 0.3676 -0.6261 0.2792 0.25 dia M
-22.8873 2.5652 -3.2543 13.6720 -3.1603 0.4141 -0.0056 -0.0066 0.0583 -0.0566 0.3787 -0.6382 0.2747 0.26 dia M
-20.7911 2.6849 -3.4699 14.9131 -5.2628 0.3921 -0.0042 -0.0150 0.0686 -0.0663 0.3974 -0.6642 0.2789 0.27 dia M
-18.5570 2.4292 -3.0989 12.2737 1.0228 0.3937 -0.0045 -0.0121 0.0655 -0.0730 0.4005 -0.6670 0.2770 0.28 dia M
-17.5306 2.5085 -3.1093 11.7413 3.3022 0.3838 -0.0047 -0.0090 0.0598 -0.0637 0.3744 -0.6243 0.2595 0.29 dia M
-14.3488 2.3673 -3.0068 11.4653 3.7471 0.3712 -0.0040 -0.0129 0.0679 -0.0681 0.3759 -0.6244 0.2561 0.3 dia M
-16.6395 2.3516 -2.9622 11.2382 3.1551 0.3924 -0.0047 -0.0114 0.0678 -0.0675 0.3777 -0.6258 0.2543 0.31 dia M
-10.6475 2.2971 -2.8656 10.1755 7.4446 0.3509 -0.0034 -0.0169 0.0752 -0.0763 0.3958 -0.6548 0.2643 0.32 dia M
-10.0847 2.4662 -2.9361 10.2311 6.9534 0.3368 -0.0033 -0.0182 0.0800 -0.0730 0.3922 -0.6484 0.2607 0.33 dia M
-9.6460 2.4037 -2.8587 10.1710 5.6614 0.3398 -0.0036 -0.0141 0.0709 -0.0667 0.3688 -0.6116 0.2487 0.34 dia M
-5.5000 2.2058 -2.7946 11.4006 -0.0691 0.3246 -0.0030 -0.0129 0.0635 -0.0713 0.3492 -0.5757 0.2310 0.35 dia M
-3.1184 2.0845 -2.7566 11.9122 -2.7527 0.3161 -0.0025 -0.0137 0.0596 -0.0779 0.3470 -0.5661 0.2186 0.36 dia M
-1.8889 1.9380 -2.5612 10.5284 0.4557 0.3178 -0.0027 -0.0100 0.0505 -0.0868 0.3703 -0.6072 0.2401 0.37 dia M
1.3652 1.8159 -2.5509 11.3987 -2.5982 0.3031 -0.0020 -0.0117 0.0496 -0.0950 0.3856 -0.6354 0.2568 0.38 dia M
4.1129 1.8155 -2.5332 11.0415 -0.7368 0.2849 -0.0018 -0.0081 0.0380 -0.0883 0.3640 -0.6035 0.2493 0.39 dia M
1.4862 1.9999 -2.7504 12.2222 -3.4789 0.2950 -0.0018 -0.0113 0.0461 -0.0881 0.3736 -0.6168 0.2503 0.4 dia M
-2.4740 2.0859 -2.8319 12.5224 -3.8212 0.3229 -0.0028 -0.0094 0.0487 -0.0860 0.3920 -0.6551 0.2772 0.41 dia M
-0.4150 1.9078 -2.6838 12.7489 -6.8520 0.3217 -0.0029 -0.0082 0.0472 -0.0801 0.3635 -0.6077 0.2576 0.42 dia M
-0.0497 1.8113 -2.6253 12.8018 -7.7129 0.3277 -0.0029 -0.0071 0.0414 -0.0794 0.3497 -0.5807 0.2402 0.43 dia M
-1.5833 1.7827 -2.6894 13.4925 -9.1732 0.3439 -0.0030 -0.0061 0.0371 -0.0845 0.3665 -0.6098 0.2548 0.44 dia M
1.2090 1.7298 -2.6076 12.8518 -6.9268 0.3277 -0.0027 -0.0052 0.0323 -0.0870 0.3703 -0.6203 0.2656 0.45 dia M
1.2834 1.6318 -2.5106 12.1368 -4.9164 0.3350 -0.0025 -0.0086 0.0415 -0.0924 0.3860 -0.6467 0.2773 0.46 dia M
-0.4438 1.6936 -2.4801 11.7414 -4.8147 0.3463 -0.0031 -0.0075 0.0435 -0.0895 0.3834 -0.6422 0.2749 0.47 dia M
-0.2325 1.6130 -2.4272 12.1673 -8.1046 0.3529 -0.0033 -0.0065 0.0434 -0.0851 0.3606 -0.6019 0.2545 0.48 dia M
-2.1989 1.6982 -2.4926 12.7697 -10.7769 0.3643 -0.0037 -0.0061 0.0459 -0.0859 0.3821 -0.6441 0.2821 0.49 dia M
-0.8411 1.6919 -2.4301 12.0592 -8.6670 0.3572 -0.0040 -0.0005 0.0305 -0.0865 0.3748 -0.6317 0.2776 0.5 dia M
0.1678 1.6387 -2.3829 11.4230 -6.0839 0.3552 -0.0038 -0.0004 0.0275 -0.0933 0.3894 -0.6552 0.2867 0.51 dia M
0.8079 1.7778 -2.4652 11.0582 -4.0097 0.3404 -0.0029 -0.0096 0.0477 -0.0928 0.4036 -0.6792 0.2963 0.52 dia M
-1.1219 1.8103 -2.4361 10.7708 -4.1791 0.3561 -0.0036 -0.0078 0.0484 -0.0819 0.3736 -0.6278 0.2717 0.53 dia M
-4.8133 1.8058 -2.3310 9.8828 -2.9487 0.3871 -0.0049 -0.0019 0.0409 -0.0736 0.3513 -0.5879 0.2503 0.54 dia M
-8.1979 2.0298 -2.4940 10.6089 -5.3076 0.4011 -0.0058 0.0028 0.0321 -0.0692 0.3504 -0.5851 0.2470 0.55 dia M
-6.7520 2.0613 -2.4814 10.1310 -3.6573 0.3884 -0.0055 0.0002 0.0371 -0.0753 0.3769 -0.6294 0.2655 0.56 dia M
-3.5660 1.8329 -2.2802 9.0883 -0.4962 0.3807 -0.0050 -0.0007 0.0371 -0.0810 0.3819 -0.6401 0.2738 0.57 dia M
1.0387 1.7975 -2.2844 9.2486 -0.6268 0.3494 -0.0037 -0.0064 0.0437 -0.0821 0.3621 -0.6004 0.2472 0.58 dia M
1.6962 1.5592 -2.1909 9.9497 -4.5187 0.3625 -0.0033 -0.0098 0.0505 -0.0904 0.3640 -0.5976 0.2383 0.59 dia M
1.7174 1.6924 -2.3499 11.1189 -8.0750 0.3556 -0.0029 -0.0144 0.0602 -0.0871 0.3514 -0.5716 0.2195 0.6 dia M
-1.1808 1.8960 -2.4788 11.4555 -8.5302 0.3668 -0.0036 -0.0124 0.0586 -0.0775 0.3326 -0.5377 0.2006 0.61 dia M
-1.9286 1.8974 -2.4107 10.6569 -6.2357 0.3747 -0.0042 -0.0079 0.0509 -0.0731 0.3224 -0.5217 0.1951 0.62 dia M
-0.6762 1.6316 -2.0498 8.2301 -0.4293 0.3859 -0.0052 0.0017 0.0314 -0.0748 0.3067 -0.4907 0.1753 0.63 dia M
0.0177 1.3931 -1.7224 6.2104 3.6700 0.3980 -0.0060 0.0074 0.0231 -0.0781 0.3064 -0.4907 0.1763 0.64 dia M
1.8242 1.4415 -1.8531 7.4867 0.3209 0.3810 -0.0045 -0.0055 0.0517 -0.0808 0.3148 -0.5040 0.1810 0.65 dia M
3.3864 1.5296 -1.8957 8.1805 -2.7140 0.3667 -0.0046 -0.0044 0.0516 -0.0669 0.2582 -0.4028 0.1272 0.66 dia M
1.4518 1.5557 -2.0588 9.8910 -7.5275 0.3836 -0.0047 -0.0045 0.0515 -0.0676 0.2556 -0.3964 0.1218 0.67 dia M
-0.2228 1.7851 -2.3148 11.3445 -10.9345 0.3835 -0.0048 -0.0063 0.0572 -0.0663 0.2738 -0.4312 0.1425 0.68 dia M
-1.2686 1.8480 -2.3626 11.0795 -8.9995 0.3885 -0.0049 -0.0053 0.0531 -0.0765 0.3143 -0.5003 0.1745 0.69 dia M
-1.1771 1.9498 -2.3300 9.7844 -3.6954 0.3820 -0.0052 -0.0022 0.0473 -0.0778 0.3354 -0.5421 0.2020 0.7 dia M
-1.5905 1.9246 -2.2012 8.7588 -1.7051 0.3900 -0.0063 0.0071 0.0279 -0.0723 0.3150 -0.5067 0.1847 0.71 dia M
1.3907 1.7403 -1.9434 6.9646 2.6064 0.3789 -0.0060 0.0072 0.0262 -0.0787 0.3279 -0.5282 0.1939 0.72 dia M
5.7059 1.7240 -1.9265 7.7741 -2.0610 0.3493 -0.0054 0.0068 0.0244 -0.0694 0.2820 -0.4467 0.1515 0.73 dia M
12.6597 1.3459 -1.7148 8.8370 -8.9553 0.3265 -0.0048 0.0144 -0.0045 -0.0650 0.1958 -0.2892 0.0669 0.74 dia M
14.3993 1.3957 -1.9442 11.1527 -15.7051 0.3118 -0.0037 0.0089 -0.0004 -0.0745 0.2201 -0.3286 0.0822 0.75 dia M
17.6818 1.3880 -1.9866 11.7883 -17.7697 0.2899 -0.0031 0.0095 -0.0089 -0.0708 0.1938 -0.2807 0.0560 0.76 dia M
11.9170 1.6817 -2.3045 13.3873 -21.1645 0.3206 -0.0046 0.0186 -0.0278 -0.0691 0.2114 -0.3145 0.0776 0.77 dia M
9.2777 1.6967 -2.2055 11.4045 -13.2029 0.3418 -0.0056 0.0253 -0.0412 -0.0758 0.2487 -0.3832 0.1165 0.78 dia M
5.8584 1.6874 -2.0515 9.5688 -8.1664 0.3719 -0.0073 0.0382 -0.0675 -0.0715 0.2508 -0.3923 0.1289 0.79 dia M
9.3245 1.5374 -1.8954 9.7989 -11.7858 0.3581 -0.0073 0.0413 -0.0754 -0.0630 0.2057 -0.3147 0.0928 0.8 dia M
16.2286 1.2597 -1.7964 11.1013 -18.2966 0.3267 -0.0058 0.0385 -0.0835 -0.0656 0.1577 -0.2201 0.0326 0.81 dia M
15.2268 1.0841 -1.7857 12.1680 -22.5467 0.3504 -0.0059 0.0373 -0.0777 -0.0718 0.1751 -0.2530 0.0528 0.82 dia M
10.4724 1.4733 -2.2295 13.8392 -23.1801 0.3634 -0.0056 0.0276 -0.0497 -0.0848 0.2636 -0.4153 0.1436 0.83 dia M
5.2365 1.5165 -2.1802 12.4214 -17.9441 0.4039 -0.0071 0.0317 -0.0486 -0.0919 0.3179 -0.5147 0.1988 0.84 dia M
10.1259 1.4465 -1.9666 11.6878 -19.1724 0.3722 -0.0063 0.0273 -0.0379 -0.0743 0.2451 -0.3873 0.1349 0.85 dia M
8.7996 1.6042 -2.2123 13.8638 -26.1613 0.3767 -0.0060 0.0209 -0.0216 -0.0624 0.2044 -0.3117 0.0907 0.86 dia M
7.3808 1.9753 -2.5467 14.6551 -24.7762 0.3660 -0.0058 0.0184 -0.0173 -0.0685 0.2633 -0.4213 0.1535 0.87 dia M
8.2409 1.8093 -1.8703 8.5537 -10.4574 0.3742 -0.0080 0.0330 -0.0361 -0.0481 0.1904 -0.2951 0.0924 0.88 dia M
16.3443 1.4613 -1.5844 8.5531 -13.7014 0.3376 -0.0067 0.0280 -0.0305 -0.0421 0.1473 -0.2208 0.0564 0.89 dia M
13.6814 1.7899 -2.0949 11.8906 -20.3017 0.3408 -0.0062 0.0239 -0.0268 -0.0499 0.1898 -0.2958 0.0953 0.9 dia M
-2.2305 2.0458 -2.0636 8.7608 -9.0684 0.4491 -0.0095 0.0277 -0.0118 -0.0522 0.2641 -0.4295 0.1659 0.91 dia M
7.1024 1.4245 -1.2884 5.4006 -5.1633 0.4266 -0.0107 0.0507 -0.0701 -0.0223 0.0801 -0.0982 -0.0105 0.92 dia M
22.5224 1.2411 -1.1587 5.4827 -6.2290 0.3231 -0.0080 0.0497 -0.0852 -0.0350 0.0837 -0.1047 -0.0066 0.93 dia M
7.1688 2.0574 -2.1429 8.7073 -6.9730 0.3913 -0.0079 0.0285 -0.0270 -0.0746 0.3209 -0.5246 0.2072 0.94 dia M
10.9219 1.7121 -1.5447 6.0756 -5.5880 0.3914 -0.0095 0.0458 -0.0634 -0.0340 0.1515 -0.2269 0.0567 0.95 dia M
0.0292 1.3826 -1.5163 7.1831 -10.5716 0.5124 -0.0137 0.0821 -0.1555 -0.0443 0.1613 -0.2416 0.0645 0.96 dia M
-7.4708 1.9240 -1.6304 5.8484 -7.4136 0.5394 -0.0152 0.0752 -0.1166 -0.0193 0.2050 -0.3492 0.1599 0.97 dia M
17.4158 1.6902 -1.3304 3.6898 3.0431 0.3737 -0.0096 0.0478 -0.0772 -0.0183 0.1310 -0.2054 0.0662 0.98 dia M
-2.7250 3.8134 -2.3052 3.5243 8.0191 0.4042 -0.0133 0.0238 0.0586 0.0627 0.0422 -0.0520 -0.0180 0.99 dia M
-7.4855 -1.2252 1.2643 -6.8797 20.4744 0.7114 -0.0066 -0.0667 0.3564 -0.0012 0.5278 -0.6927 0.1388 0.01 sys F
8.4462 -0.9598 0.9046 -5.1098 15.1548 0.5919 -0.0029 -0.0650 0.2495 -0.0030 0.4421 -0.5724 0.0997 0.02 sys F
26.6223 -1.1479 1.2134 -8.4665 28.0408 0.4750 0.0001 -0.0643 0.2062 -0.0230 0.5561 -0.7467 0.1850 0.03 sys F
31.8947 -0.8670 1.1693 -8.2932 26.0849 0.4251 -0.0002 -0.0535 0.1718 -0.0080 0.3954 -0.5402 0.1473 0.04 sys F
30.9472 -1.1288 1.5926 -11.7371 34.5934 0.4578 -0.0019 -0.0341 0.1144 -0.0167 0.6897 -1.0025 0.3867 0.05 sys F
23.1520 -1.1368 1.7510 -13.8556 41.2104 0.5270 -0.0048 -0.0149 0.0623 0.0062 0.4347 -0.6509 0.2798 0.06 sys F
19.3036 -0.9230 1.6566 -14.2294 42.9522 0.5494 -0.0062 -0.0051 0.0555 0.0242 0.1295 -0.1986 0.0876 0.07 sys F
20.0191 -1.0378 1.6928 -13.6476 40.8615 0.5596 -0.0071 0.0146 -0.0300 0.0135 0.1632 -0.2423 0.1013 0.08 sys F
21.6515 -0.9745 1.5964 -13.0096 38.8309 0.5462 -0.0063 0.0087 -0.0183 0.0093 0.2644 -0.3848 0.1477 0.09 sys F
22.6952 -0.8665 1.4799 -11.8203 34.2277 0.5370 -0.0066 0.0176 -0.0648 0.0046 0.3226 -0.4689 0.1811 0.1 sys F
23.1615 -0.8132 1.4422 -11.8893 34.8542 0.5329 -0.0063 0.0130 -0.0367 0.0080 0.3400 -0.5072 0.2171 0.11 sys F
27.9000 -0.8288 1.4257 -11.5803 33.7393 0.4995 -0.0049 0.0013 0.0117 -0.0014 0.4954 -0.7333 0.3051 0.12 sys F
34.8678 -0.8010 1.4290 -11.2835 32.3656 0.4469 -0.0037 -0.0037 0.0274 -0.0004 0.3936 -0.5873 0.2510 0.13 sys F
37.7557 -0.9638 1.5603 -11.5450 31.5671 0.4392 -0.0035 0.0024 -0.0164 -0.0087 0.3950 -0.5750 0.2238 0.14 sys F
39.9509 -1.0185 1.6189 -11.6485 31.0090 0.4284 -0.0032 0.0051 -0.0452 -0.0101 0.3516 -0.5073 0.1906 0.15 sys F
40.8576 -0.9313 1.5386 -11.5031 31.8413 0.4180 -0.0029 0.0019 -0.0291 -0.0081 0.3507 -0.5094 0.1968 0.16 sys F
42.1455 -0.9104 1.5356 -11.4411 31.5567 0.4098 -0.0029 0.0038 -0.0368 -0.0060 0.2848 -0.4155 0.1642 0.17 sys F
44.0009 -1.0103 1.6565 -11.8711 31.8672 0.4038 -0.0026 0.0007 -0.0172 -0.0017 0.1877 -0.2802 0.1211 0.18 sys F
42.9483 -0.9479 1.6532 -12.4439 34.3937 0.4097 -0.0029 0.0023 -0.0231 -0.0003 0.1892 -0.2761 0.1077 0.19 sys F
43.4489 -0.9355 1.5751 -11.4463 30.9525 0.4076 -0.0027 0.0000 -0.0199 0.0013 0.1619 -0.2376 0.0949 0.2 sys F
42.0432 -0.9668 1.5892 -11.2769 29.6658 0.4235 -0.0030 0.0009 -0.0194 0.0051 0.1181 -0.1781 0.0784 0.21 sys F
43.3921 -0.9251 1.5125 -10.6690 27.8566 0.4122 -0.0025 -0.0008 -0.0269 -0.0003 0.1780 -0.2571 0.0962 0.22 sys F
43.1823 -0.9153 1.5502 -11.2058 29.7148 0.4154 -0.0028 0.0025 -0.0386 0.0053 0.0679 -0.0977 0.0352 0.23 sys F
43.5111 -0.8427 1.4724 -10.8634 29.5168 0.4107 -0.0027 0.0019 -0.0416 -0.0023 0.1644 -0.2282 0.0711 0.24 sys F
44.8115 -0.9195 1.5496 -10.7815 27.8384 0.4087 -0.0030 0.0120 -0.0908 -0.0063 0.1451 -0.1957 0.0530 0.25 sys F
45.1153 -0.8419 1.4685 -10.4821 27.7389 0.4040 -0.0030 0.0148 -0.1094 -0.0047 0.1524 -0.2131 0.0715 0.26 sys F
45.0184 -0.9109 1.4637 -9.8769 25.3956 0.4124 -0.0031 0.0163 -0.1196 -0.0095 0.2128 -0.3015 0.1084 0.27 sys F
46.8396 -0.9336 1.4913 -10.0409 25.5791 0.4004 -0.0025 0.0087 -0.0854 -0.0083 0.2070 -0.2945 0.1065 0.28 sys F
46.3627 -1.0691 1.6403 -10.8997 27.3749 0.4156 -0.0030 0.0128 -0.0892 -0.0060 0.1891 -0.2783 0.1168 0.29 sys F
46.0560 -1.0253 1.6174 -10.8914 27.6133 0.4169 -0.0032 0.0134 -0.0831 -0.0015 0.1168 -0.1751 0.0794 0.3 sys F
45.8707 -1.0687 1.6929 -11.5282 29.3823 0.4234 -0.0035 0.0189 -0.1052 -0.0020 0.0549 -0.0766 0.0279 0.31 sys F
46.2250 -1.0493 1.6305 -11.0002 28.2950 0.4212 -0.0032 0.0150 -0.0892 0.0010 0.0192 -0.0279 0.0140 0.32 sys F
49.7043 -1.1168 1.6687 -10.6909 26.5418 0.4005 -0.0027 0.0175 -0.1166 -0.0029 -0.0064 0.0124 -0.0056 0.33 sys F
52.5010 -1.2283 1.7174 -10.2880 24.6009 0.3900 -0.0025 0.0229 -0.1413 -0.0055 -0.0773 0.1151 -0.0428 0.34 sys F
52.6380 -1.2668 1.7982 -10.7251 24.8323 0.3930 -0.0027 0.0233 -0.1352 -0.0037 -0.1218 0.1797 -0.0678 0.35 sys F
52.9451 -1.2987 1.8214 -10.8739 25.4383 0.3952 -0.0028 0.0249 -0.1365 -0.0026 -0.1753 0.2588 -0.1002 0.36 sys F
51.6977 -1.2275 1.7723 -10.6355 24.5465 0.4024 -0.0032 0.0273 -0.1377 0.0023 -0.2334 0.3428 -0.1327 0.37 sys F
51.5803 -1.1856 1.7323 -10.5490 24.7169 0.4027 -0.0033 0.0290 -0.1504 0.0040 -0.2752 0.4081 -0.1658 0.38 sys F
52.5542 -1.1951 1.7357 -10.3953 23.5706 0.3978 -0.0032 0.0312 -0.1661 0.0005 -0.2249 0.3400 -0.1482 0.39 sys F
54.7146 -1.2604 1.8028 -10.7730 24.4075 0.3869 -0.0029 0.0332 -0.1862 -0.0020 -0.2181 0.3306 -0.1449 0.4 sys F
56.7350 -1.1990 1.8011 -11.3328 26.8609 0.3684 -0.0025 0.0319 -0.1874 0.0002 -0.2443 0.3686 -0.1611 0.41 sys F
57.7385 -1.2515 1.8588 -11.3519 25.8098 0.3657 -0.0024 0.0287 -0.1704 -0.0009 -0.2306 0.3502 -0.1567 0.42 sys F
57.7098 -1.2570 1.9037 -11.8077 27.0173 0.3677 -0.0024 0.0271 -0.1572 -0.0012 -0.1965 0.2980 -0.1324 0.43 sys F
58.0736 -1.2363 1.9353 -12.3170 28.6066 0.3643 -0.0024 0.0253 -0.1507 0.0020 -0.1780 0.2641 -0.1092 0.44 sys F
62.0223 -1.2128 1.9237 -12.1570 27.9030 0.3343 -0.0016 0.0242 -0.1555 -0.0004 -0.2100 0.3150 -0.1360 0.45 sys F
62.1221 -1.1404 1.8555 -11.8390 27.3698 0.3308 -0.0017 0.0260 -0.1685 -0.0024 -0.1452 0.2208 -0.0993 0.46 sys F
62.7962 -1.1130 1.8421 -11.7266 26.7715 0.3253 -0.0016 0.0282 -0.1884 -0.0019 -0.1808 0.2766 -0.1276 0.47 sys F
61.7073 -1.2183 1.9323 -12.0462 26.8742 0.3435 -0.0022 0.0321 -0.2009 -0.0018 -0.1943 0.2958 -0.1342 0.48 sys F
61.7636 -1.1885 1.9597 -12.4946 27.9124 0.3420 -0.0022 0.0308 -0.1956 0.0030 -0.2340 0.3493 -0.1490 0.49 sys F
63.7493 -1.2055 1.9600 -12.5069 28.0089 0.3283 -0.0012 0.0195 -0.1595 -0.0020 -0.1708 0.2634 -0.1258 0.5 sys F
62.2586 -1.0770 1.8646 -12.2702 27.8184 0.3328 -0.0012 0.0137 -0.1292 -0.0024 -0.0705 0.1151 -0.0646 0.51 sys F
64.2911 -1.0805 1.8431 -11.8647 26.3816 0.3191 -0.0007 0.0088 -0.1057 -0.0070 -0.0325 0.0621 -0.0471 0.52 sys F
68.9778 -1.2187 1.8880 -11.2553 23.9127 0.2940 0.0003 0.0053 -0.0991 -0.0123 -0.0668 0.1121 -0.0648 0.53 sys F
70.4806 -1.1650 1.8218 -10.7395 22.4622 0.2801 0.0009 0.0001 -0.0853 -0.0136 -0.0702 0.1225 -0.0781 0.54 sys F
70.6109 -1.1182 1.8262 -11.2854 24.8046 0.2768 0.0010 -0.0007 -0.0840 -0.0100 -0.1092 0.1806 -0.1041 0.55 sys F
69.8975 -1.1611 1.8731 -11.7046 26.3452 0.2870 0.0007 0.0018 -0.0954 -0.0067 -0.1524 0.2386 -0.1185 0.56 sys F
69.1910 -1.1401 1.9015 -12.2170 27.9129 0.2928 0.0003 0.0055 -0.1110 -0.0035 -0.2103 0.3262 -0.1586 0.57 sys F
69.9619 -1.1195 1.8816 -11.9235 26.8170 0.2873 0.0005 0.0046 -0.1118 -0.0053 -0.1918 0.3015 -0.1525 0.58 sys F
68.3161 -1.0128 1.7759 -11.6001 26.6764 0.2951 0.0003 0.0028 -0.1008 -0.0022 -0.2321 0.3639 -0.1831 0.59 sys F
68.0555 -0.9162 1.6469 -10.7107 24.2868 0.2927 0.0006 -0.0014 -0.0813 -0.0004 -0.2360 0.3707 -0.1882 0.6 sys F
65.6124 -0.7989 1.5036 -9.8072 21.9786 0.3055 0.0004 -0.0054 -0.0567 -0.0017 -0.1403 0.2328 -0.1369 0.61 sys F
65.1636 -0.7707 1.4570 -9.5828 21.8374 0.3086 0.0005 -0.0086 -0.0391 -0.0024 -0.0941 0.1647 -0.1090 0.62 sys F
66.6766 -0.9130 1.5894 -9.8498 21.1477 0.3073 0.0008 -0.0116 -0.0290 -0.0052 -0.0645 0.1189 -0.0865 0.63 sys F
65.4537 -0.8950 1.5329 -9.3616 19.7235 0.3178 0.0007 -0.0136 -0.0176 -0.0044 -0.0173 0.0444 -0.0479 0.64 sys F
64.8596 -0.9404 1.6229 -9.8355 19.8054 0.3274 0.0002 -0.0077 -0.0396 -0.0060 0.0077 0.0094 -0.0359 0.65 sys F
64.7808 -0.9350 1.5826 -9.3920 18.2771 0.3302 0.0002 -0.0082 -0.0324 -0.0090 0.0629 -0.0712 -0.0032 0.66 sys F
65.5762 -0.9693 1.5580 -8.8330 16.6679 0.3289 0.0003 -0.0090 -0.0304 -0.0092 0.0526 -0.0599 -0.0011 0.67 sys F
64.0451 -1.1203 1.7205 -9.4755 16.9051 0.3537 -0.0007 0.0019 -0.0701 -0.0041 -0.1202 0.1997 -0.1156 0.68 sys F
66.8250 -1.1964 1.8333 -10.0226 17.9273 0.3397 -0.0006 0.0056 -0.0822 -0.0081 -0.1245 0.2047 -0.1138 0.69 sys F
65.6846 -1.2525 1.9018 -10.4590 18.6882 0.3537 -0.0009 0.0036 -0.0660 -0.0057 -0.1130 0.1831 -0.0985 0.7 sys F
65.3052 -1.2617 1.9135 -10.5223 18.7710 0.3604 -0.0013 0.0085 -0.0848 -0.0046 -0.1438 0.2265 -0.1120 0.71 sys F
64.8990 -1.2245 1.8584 -10.1192 17.7416 0.3641 -0.0016 0.0138 -0.1073 -0.0048 -0.1372 0.2161 -0.1063 0.72 sys F
65.3578 -1.2248 1.8289 -9.7674 16.8046 0.3627 -0.0014 0.0124 -0.1066 -0.0057 -0.1576 0.2502 -0.1263 0.73 sys F
64.5514 -1.1783 1.7442 -9.4075 16.9106 0.3687 -0.0013 0.0091 -0.0924 -0.0076 -0.0787 0.1365 -0.0847 0.74 sys F
66.0885 -1.1878 1.7936 -9.5264 16.3425 0.3605 -0.0016 0.0179 -0.1274 -0.0072 -0.1850 0.2994 -0.1608 0.75 sys F
67.3020 -1.1912 1.7250 -8.4639 12.8607 0.3551 -0.0016 0.0212 -0.1358 -0.0076 -0.2055 0.3238 -0.1601 0.76 sys F
69.6151 -1.1726 1.7606 -8.9219 14.4437 0.3387 -0.0015 0.0260 -0.1521 -0.0094 -0.1704 0.2659 -0.1257 0.77 sys F
70.5901 -1.2426 1.8162 -8.9210 13.7988 0.3388 -0.0016 0.0283 -0.1619 -0.0160 -0.0660 0.1157 -0.0690 0.78 sys F
74.0399 -1.3696 1.9736 -9.9705 16.4081 0.3220 -0.0010 0.0261 -0.1607 -0.0211 0.0540 -0.0680 0.0170 0.79 sys F
78.1837 -1.4118 1.9659 -9.2285 13.6521 0.2962 -0.0004 0.0279 -0.1760 -0.0236 0.0265 -0.0350 0.0171 0.8 sys F
77.8733 -1.5496 2.1217 -10.0164 15.0850 0.3117 -0.0013 0.0410 -0.2340 -0.0167 -0.1410 0.2059 -0.0717 0.81 sys F
78.6258 -1.5819 2.1292 -10.2662 16.5876 0.3110 -0.0011 0.0374 -0.2191 -0.0181 -0.0881 0.1294 -0.0440 0.82 sys F
78.1114 -1.6551 2.2258 -11.1197 18.7127 0.3231 -0.0016 0.0421 -0.2369 -0.0174 -0.0626 0.0903 -0.0264 0.83 sys F
79.7562 -1.6836 2.2862 -11.9207 21.9312 0.3146 -0.0013 0.0380 -0.2147 -0.0164 -0.0397 0.0537 -0.0083 0.84 sys F
81.1825 -1.7413 2.3012 -11.7683 21.4169 0.3106 -0.0011 0.0381 -0.2099 -0.0197 0.0394 -0.0700 0.0551 0.85 sys F
82.4317 -1.7326 2.3369 -11.7377 20.8323 0.3043 -0.0014 0.0468 -0.2545 -0.0145 -0.1069 0.1451 -0.0329 0.86 sys F
83.4279 -1.7479 2.3341 -12.1336 23.8773 0.3009 -0.0009 0.0394 -0.2205 -0.0159 -0.0384 0.0390 0.0189 0.87 sys F
87.5318 -1.8801 2.4042 -11.8201 21.5000 0.2804 0.0000 0.0344 -0.2150 -0.0208 -0.0131 0.0053 0.0276 0.88 sys F
91.5471 -1.9424 2.5247 -12.4507 21.7964 0.2576 0.0005 0.0374 -0.2444 -0.0294 -0.0119 0.0227 -0.0100 0.89 sys F
92.4497 -1.8508 2.5523 -13.6421 26.2260 0.2495 -0.0000 0.0494 -0.3050 -0.0184 -0.1813 0.2673 -0.1041 0.9 sys F
92.8328 -1.7523 2.5128 -13.1700 23.6191 0.2436 0.0005 0.0322 -0.2188 -0.0162 -0.1657 0.2435 -0.0938 0.91 sys F
100.3460 -1.9852 2.7015 -12.3340 16.8429 0.2061 0.0016 0.0236 -0.1616 -0.0093 -0.4796 0.6954 -0.2616 0.92 sys F
106.8231 -1.8617 2.4704 -10.3756 11.9940 0.1537 0.0038 0.0071 -0.1169 -0.0192 -0.4992 0.7439 -0.3113 0.93 sys F
111.3953 -1.9833 2.5967 -11.4122 16.0199 0.1324 0.0046 0.0068 -0.1417 -0.0242 -0.6418 0.9712 -0.4310 0.94 sys F
117.6411 -2.0964 2.6981 -11.2572 13.4182 0.0991 0.0053 0.0132 -0.1836 -0.0338 -0.4799 0.7190 -0.3037 0.95 sys F
121.3735 -2.3828 2.9534 -12.2263 14.8292 0.0974 0.0055 0.0085 -0.1487 -0.0205 -0.6271 0.9041 -0.3313 0.96 sys F
115.9126 -2.5317 3.2788 -15.2093 22.0287 0.1601 0.0028 0.0231 -0.1810 0.0006 -0.7258 1.0194 -0.3341 0.97 sys F
125.5877 -1.6743 2.6055 -13.4481 23.2621 0.0405 0.0060 -0.0009 -0.0707 0.0296 -1.1873 1.6794 -0.5743 0.98 sys F
135.6750 -1.8473 2.0605 -8.0487 16.9201 -0.0112 0.0136 -0.0896 0.1678 -0.0337 0.3359 -0.5938 0.4196 0.99 sys F
-15.1614 0.1585 0.7927 -16.2445 64.9588 0.7016 -0.0159 0.0803 -0.1501 0.0109 0.1002 -0.1603 0.0565 0.01 sys M
7.1181 0.1808 0.1658 -8.1838 41.4072 0.5512 -0.0095 0.0540 -0.1228 0.0057 0.0042 0.0299 -0.0661 0.02 sys M
16.6833 -0.0164 0.2766 -6.0204 29.5897 0.5000 -0.0072 0.0370 -0.0808 -0.0092 0.0673 -0.0993 0.0246 0.03 sys M
4.2312 0.3344 0.0389 -4.8857 26.2991 0.5830 -0.0104 0.0473 -0.0885 0.0009 0.0958 -0.1550 0.0586 0.04 sys M
7.5365 -0.0042 0.4065 -5.8405 25.1459 0.5865 -0.0109 0.0523 -0.0938 0.0010 0.0934 -0.1598 0.0738 0.05 sys M
9.1488 -0.3319 0.8441 -9.4288 35.3411 0.6019 -0.0121 0.0661 -0.1243 -0.0028 0.1050 -0.1870 0.0975 0.06 sys M
8.9420 -0.0756 0.7374 -10.0163 38.7888 0.5921 -0.0126 0.0712 -0.1373 0.0130 0.0760 -0.1417 0.0814 0.07 sys M
7.6195 0.0671 0.6085 -8.8982 34.0775 0.5961 -0.0127 0.0706 -0.1365 0.0147 0.0961 -0.1812 0.1062 0.08 sys M
4.7191 0.0248 0.8039 -10.5118 37.6146 0.6241 -0.0140 0.0740 -0.1321 0.0285 0.0747 -0.1503 0.0994 0.09 sys M
-3.7807 0.2569 0.5926 -10.5763 40.4022 0.6754 -0.0144 0.0649 -0.1065 0.0265 0.1273 -0.2395 0.1377 0.1 sys M
-4.3588 0.5128 0.4441 -11.0057 43.9366 0.6643 -0.0141 0.0598 -0.0914 0.0297 0.1526 -0.2899 0.1703 0.11 sys M
0.9793 0.2770 0.5168 -10.2491 40.6962 0.6426 -0.0127 0.0539 -0.0858 0.0133 0.1639 -0.2987 0.1604 0.12 sys M
4.1744 0.2919 0.5211 -10.2719 41.0334 0.6197 -0.0121 0.0528 -0.0869 0.0122 0.1661 -0.3033 0.1633 0.13 sys M
6.8468 0.1938 0.5369 -9.8873 39.8590 0.6088 -0.0115 0.0517 -0.0889 0.0046 0.1768 -0.3210 0.1715 0.14 sys M
11.1461 0.2378 0.3678 -8.1510 35.8557 0.5761 -0.0100 0.0440 -0.0795 -0.0007 0.1778 -0.3210 0.1698 0.15 sys M
12.4221 0.2760 0.2488 -6.8316 31.9031 0.5662 -0.0092 0.0391 -0.0730 -0.0089 0.2003 -0.3583 0.1859 0.16 sys M
10.6386 0.5028 0.0451 -6.0581 30.8189 0.5675 -0.0093 0.0395 -0.0789 -0.0048 0.1885 -0.3309 0.1625 0.17 sys M
11.8950 0.4259 0.0403 -5.1913 27.4155 0.5654 -0.0088 0.0351 -0.0686 -0.0151 0.2160 -0.3783 0.1854 0.18 sys M
15.6199 0.2947 0.1255 -4.8706 25.2474 0.5485 -0.0083 0.0349 -0.0709 -0.0153 0.1958 -0.3402 0.1631 0.19 sys M
19.1961 0.2043 0.1214 -4.0580 22.8341 0.5297 -0.0074 0.0310 -0.0656 -0.0250 0.2093 -0.3615 0.1710 0.2 sys M
24.9014 0.1164 0.1324 -3.0351 18.7307 0.4951 -0.0063 0.0283 -0.0649 -0.0265 0.1862 -0.3184 0.1463 0.21 sys M
27.7411 -0.0002 0.2510 -3.2510 17.9354 0.4835 -0.0062 0.0313 -0.0730 -0.0260 0.1667 -0.2835 0.1289 0.22 sys M
26.5408 -0.0132 0.3133 -3.6487 17.7499 0.4961 -0.0068 0.0361 -0.0837 -0.0188 0.1384 -0.2306 0.0976 0.23 sys M
24.9608 0.0679 0.2933 -3.7963 17.8167 0.5066 -0.0077 0.0430 -0.0991 -0.0102 0.1136 -0.1873 0.0762 0.24 sys M
30.7628 -0.0404 0.3473 -3.5140 16.9902 0.4711 -0.0065 0.0402 -0.0991 -0.0135 0.1043 -0.1720 0.0705 0.25 sys M
32.9166 -0.0712 0.3957 -3.9000 17.9467 0.4584 -0.0062 0.0397 -0.0994 -0.0111 0.0905 -0.1473 0.0576 0.26 sys M
35.8384 -0.1540 0.4647 -4.0996 18.2022 0.4447 -0.0061 0.0445 -0.1155 -0.0116 0.0725 -0.1148 0.0406 0.27 sys M
35.8936 -0.2601 0.5885 -4.4079 17.6393 0.4551 -0.0069 0.0522 -0.1317 -0.0062 0.0420 -0.0594 0.0107 0.28 sys M
35.6599 -0.2948 0.6396 -4.5403 17.3049 0.4616 -0.0074 0.0559 -0.1397 -0.0065 0.0482 -0.0732 0.0217 0.29 sys M
34.2326 -0.3816 0.7322 -4.7950 17.0262 0.4801 -0.0079 0.0573 -0.1393 -0.0049 0.0527 -0.0851 0.0332 0.3 sys M
38.4360 -0.5180 0.8471 -5.2375 18.6249 0.4592 -0.0074 0.0594 -0.1493 -0.0109 0.0578 -0.0961 0.0420 0.31 sys M
37.4759 -0.3108 0.6669 -4.4870 17.3228 0.4543 -0.0072 0.0558 -0.1401 -0.0071 0.0668 -0.1148 0.0546 0.32 sys M
38.2626 -0.2565 0.5950 -3.8813 15.7330 0.4471 -0.0072 0.0565 -0.1436 -0.0047 0.0580 -0.0993 0.0468 0.33 sys M
40.1654 -0.3730 0.7286 -4.6690 17.4341 0.4421 -0.0071 0.0576 -0.1469 -0.0005 0.0365 -0.0612 0.0272 0.34 sys M
42.9794 -0.5548 0.8878 -5.2907 18.8227 0.4348 -0.0069 0.0595 -0.1514 -0.0022 0.0330 -0.0585 0.0309 0.35 sys M
45.6449 -0.6118 0.8823 -5.0487 18.8985 0.4196 -0.0061 0.0555 -0.1462 -0.0051 0.0381 -0.0690 0.0387 0.36 sys M
46.6551 -0.5689 0.8660 -5.0611 19.3856 0.4100 -0.0059 0.0537 -0.1435 -0.0027 0.0390 -0.0728 0.0431 0.37 sys M
47.5003 -0.5697 0.8793 -5.2030 19.8144 0.4057 -0.0059 0.0563 -0.1527 -0.0019 0.0291 -0.0538 0.0314 0.38 sys M
45.4030 -0.5065 0.8608 -5.5153 21.0092 0.4195 -0.0064 0.0585 -0.1569 0.0032 0.0197 -0.0361 0.0204 0.39 sys M
44.8971 -0.3950 0.8017 -5.6222 21.9379 0.4168 -0.0064 0.0554 -0.1470 0.0027 0.0376 -0.0690 0.0382 0.4 sys M
47.5247 -0.4291 0.8436 -5.8317 22.6883 0.3999 -0.0058 0.0527 -0.1421 0.0015 0.0382 -0.0702 0.0389 0.41 sys M
46.4630 -0.3679 0.8717 -6.4206 23.9766 0.4049 -0.0060 0.0518 -0.1372 0.0093 0.0233 -0.0445 0.0258 0.42 sys M
43.9842 -0.1919 0.7920 -6.7209 25.4109 0.4126 -0.0063 0.0508 -0.1325 0.0119 0.0370 -0.0693 0.0383 0.43 sys M
43.2939 -0.2722 0.8627 -7.0319 25.6372 0.4253 -0.0066 0.0520 -0.1346 0.0151 0.0220 -0.0414 0.0222 0.44 sys M
44.9267 -0.3058 0.9029 -7.1291 25.4723 0.4173 -0.0066 0.0540 -0.1396 0.0166 0.0080 -0.0161 0.0087 0.45 sys M
45.3659 -0.1577 0.7596 -6.3854 23.8924 0.4047 -0.0060 0.0477 -0.1258 0.0150 0.0245 -0.0444 0.0212 0.46 sys M
45.5821 -0.0245 0.5923 -5.4731 22.2940 0.3963 -0.0056 0.0460 -0.1251 0.0164 0.0239 -0.0431 0.0201 0.47 sys M
47.1433 -0.0461 0.5910 -5.2852 21.7529 0.3877 -0.0053 0.0449 -0.1222 0.0153 0.0223 -0.0412 0.0208 0.48 sys M
51.4950 -0.1432 0.6440 -5.3385 21.7750 0.3619 -0.0042 0.0417 -0.1223 0.0089 0.0218 -0.0369 0.0143 0.49 sys M
49.2507 -0.0452 0.5634 -5.0092 21.3118 0.3735 -0.0044 0.0403 -0.1176 0.0104 0.0345 -0.0607 0.0278 0.5 sys M
48.7230 -0.0088 0.5464 -5.0086 21.4246 0.3773 -0.0046 0.0403 -0.1140 0.0144 0.0211 -0.0365 0.0147 0.51 sys M
46.2919 0.1370 0.4328 -4.7097 21.0581 0.3870 -0.0047 0.0368 -0.1041 0.0171 0.0335 -0.0595 0.0270 0.52 sys M
47.5969 0.1489 0.3829 -4.2807 20.0760 0.3772 -0.0039 0.0315 -0.0941 0.0134 0.0397 -0.0681 0.0283 0.53 sys M
48.5103 0.1248 0.3886 -4.0219 19.1219 0.3741 -0.0039 0.0318 -0.0943 0.0115 0.0417 -0.0714 0.0300 0.54 sys M
47.0617 0.2003 0.3427 -3.9935 19.2648 0.3815 -0.0041 0.0313 -0.0915 0.0121 0.0505 -0.0878 0.0394 0.55 sys M
47.9002 0.1572 0.3732 -3.8154 17.8605 0.3802 -0.0041 0.0320 -0.0944 0.0113 0.0408 -0.0670 0.0240 0.56 sys M
49.1150 0.0782 0.4887 -4.5668 19.8764 0.3783 -0.0042 0.0339 -0.0974 0.0137 0.0304 -0.0508 0.0190 0.57 sys M
49.9451 0.1037 0.4323 -3.9989 18.2108 0.3716 -0.0039 0.0318 -0.0942 0.0126 0.0354 -0.0602 0.0246 0.58 sys M
50.1287 0.2012 0.3324 -3.2058 15.6080 0.3664 -0.0039 0.0327 -0.0981 0.0177 0.0133 -0.0189 0.0001 0.59 sys M
49.5100 0.1993 0.3903 -3.8043 17.1157 0.3729 -0.0042 0.0344 -0.1008 0.0221 0.0041 -0.0038 -0.0061 0.6 sys M
47.0301 0.2961 0.3665 -3.9702 17.4284 0.3864 -0.0047 0.0328 -0.0906 0.0207 0.0246 -0.0408 0.0138 0.61 sys M
46.9571 0.2268 0.4324 -4.3249 18.4933 0.3932 -0.0048 0.0332 -0.0914 0.0225 0.0162 -0.0255 0.0051 0.62 sys M
45.7187 0.3190 0.3143 -3.5355 16.3535 0.3986 -0.0048 0.0327 -0.0905 0.0195 0.0390 -0.0672 0.0285 0.63 sys M
46.6338 0.3294 0.3122 -3.6994 16.9404 0.3928 -0.0047 0.0327 -0.0892 0.0200 0.0422 -0.0754 0.0360 0.64 sys M
46.7960 0.2184 0.4173 -4.2913 18.3125 0.4005 -0.0048 0.0316 -0.0843 0.0138 0.0632 -0.1146 0.0591 0.65 sys M
45.6059 0.2609 0.3536 -3.7119 16.4744 0.4090 -0.0050 0.0313 -0.0814 0.0161 0.0671 -0.1239 0.0669 0.66 sys M
46.2843 0.1969 0.3840 -3.6001 15.9912 0.4103 -0.0050 0.0321 -0.0828 0.0153 0.0735 -0.1390 0.0800 0.67 sys M
42.7066 0.3391 0.2772 -3.5789 16.5957 0.4304 -0.0057 0.0333 -0.0798 0.0158 0.0981 -0.1852 0.1067 0.68 sys M
42.8015 0.3061 0.3293 -3.7417 16.4765 0.4348 -0.0061 0.0357 -0.0812 0.0203 0.0909 -0.1775 0.1098 0.69 sys M
44.6588 0.3589 0.2756 -3.1211 14.5181 0.4196 -0.0059 0.0374 -0.0881 0.0175 0.0943 -0.1832 0.1126 0.7 sys M
45.4978 0.2369 0.3198 -2.8753 12.9699 0.4238 -0.0058 0.0377 -0.0900 0.0126 0.0997 -0.1911 0.1148 0.71 sys M
44.3791 0.2470 0.2747 -2.2776 10.7861 0.4342 -0.0061 0.0387 -0.0918 0.0106 0.1113 -0.2121 0.1265 0.72 sys M
44.5213 0.3308 0.2335 -2.5761 12.6357 0.4295 -0.0060 0.0393 -0.0953 0.0150 0.1005 -0.1920 0.1141 0.73 sys M
43.3339 0.3496 0.2289 -2.6952 12.6151 0.4397 -0.0064 0.0411 -0.0987 0.0118 0.1138 -0.2135 0.1223 0.74 sys M
45.7745 0.2806 0.3230 -3.0124 12.5836 0.4279 -0.0062 0.0429 -0.1061 0.0132 0.0996 -0.1888 0.1104 0.75 sys M
46.2858 0.2501 0.3239 -2.6897 11.1237 0.4274 -0.0059 0.0399 -0.1008 0.0086 0.1214 -0.2293 0.1336 0.76 sys M
47.1461 0.0565 0.3804 -1.9028 7.5777 0.4368 -0.0058 0.0399 -0.1016 -0.0042 0.1495 -0.2777 0.1579 0.77 sys M
49.8411 -0.0213 0.4353 -2.2574 9.0572 0.4224 -0.0051 0.0374 -0.0989 -0.0067 0.1499 -0.2787 0.1591 0.78 sys M
54.4100 -0.2754 0.6713 -3.3139 10.8614 0.4065 -0.0045 0.0392 -0.1059 -0.0134 0.1536 -0.2881 0.1687 0.79 sys M
59.0571 -0.3916 0.7140 -3.2563 11.6335 0.3792 -0.0031 0.0313 -0.0925 -0.0235 0.1848 -0.3462 0.2023 0.8 sys M
61.5501 -0.4923 0.8257 -3.7049 12.2735 0.3688 -0.0028 0.0301 -0.0892 -0.0258 0.1974 -0.3735 0.2231 0.81 sys M
62.0991 -0.5602 0.8523 -3.3702 9.8550 0.3710 -0.0025 0.0277 -0.0850 -0.0253 0.1895 -0.3572 0.2113 0.82 sys M
63.7402 -0.7486 1.0333 -4.0639 10.5288 0.3743 -0.0026 0.0296 -0.0853 -0.0264 0.1907 -0.3647 0.2234 0.83 sys M
63.1912 -0.7684 1.0572 -4.1343 10.1666 0.3825 -0.0028 0.0301 -0.0846 -0.0226 0.1752 -0.3347 0.2040 0.84 sys M
65.2900 -0.9003 1.2109 -4.7056 10.0344 0.3789 -0.0031 0.0353 -0.0982 -0.0171 0.1415 -0.2745 0.1730 0.85 sys M
69.7586 -0.9059 1.1421 -3.8514 8.3464 0.3466 -0.0015 0.0272 -0.0852 -0.0254 0.1633 -0.3147 0.1963 0.86 sys M
68.7204 -0.7413 1.1610 -4.8929 11.4709 0.3470 -0.0023 0.0323 -0.0945 -0.0166 0.1384 -0.2677 0.1676 0.87 sys M
70.0709 -0.7105 1.1845 -4.9763 11.0263 0.3366 -0.0017 0.0271 -0.0857 -0.0132 0.1197 -0.2317 0.1451 0.88 sys M
71.2247 -0.6095 1.0475 -4.2244 9.2028 0.3239 -0.0008 0.0220 -0.0796 -0.0212 0.1383 -0.2581 0.1496 0.89 sys M
71.0728 -0.5897 0.9540 -3.2255 5.8280 0.3275 -0.0005 0.0181 -0.0707 -0.0200 0.1457 -0.2721 0.1573 0.9 sys M
70.0217 -0.3531 0.6571 -1.1748 0.8060 0.3265 -0.0006 0.0201 -0.0785 -0.0091 0.1053 -0.1976 0.1150 0.91 sys M
70.5203 -0.3866 0.7711 -1.2734 -1.0004 0.3319 -0.0017 0.0287 -0.0920 0.0090 0.0424 -0.0915 0.0678 0.92 sys M
76.3547 -0.7212 0.9341 -1.3303 -1.6526 0.3140 -0.0002 0.0247 -0.0938 -0.0122 0.0896 -0.1740 0.1101 0.93 sys M
90.6025 -1.3557 1.1746 0.1551 -7.7290 0.2521 0.0034 0.0132 -0.0881 -0.0357 0.0885 -0.1674 0.1033 0.94 sys M
102.6662 -1.2263 0.8589 3.2534 -15.7885 0.1576 0.0072 -0.0076 -0.0516 -0.0325 0.0706 -0.1432 0.1009 0.95 sys M
102.9154 -1.5899 1.4523 -0.5061 -7.5933 0.1871 0.0055 0.0020 -0.0596 -0.0411 0.1113 -0.2264 0.1604 0.96 sys M
125.2207 -3.3398 2.9466 -5.4863 -1.9080 0.1438 0.0076 0.0111 -0.0959 -0.1006 0.1222 -0.2249 0.1376 0.97 sys M
125.8697 -3.2997 3.1051 -7.3155 3.4281 0.1505 0.0067 0.0193 -0.1148 -0.0879 0.0819 -0.1569 0.1076 0.98 sys M
99.6314 -2.8535 3.0650 -6.4997 -4.9829 0.3473 -0.0010 0.0499 -0.1346 -0.0354 -0.0379 0.0681 -0.0284 0.99 sys M

